
Sorted array without random strings:

0, 0, 0, 0, 0, 0, 0, 0, 1, 1, 
2, 2, 3, 3, 3, 3, 3, 3, 4, 4, 
4, 5, 5, 5, 5, 5, 5, 5, 5, 6, 
6, 6, 7, 7, 7, 7, 8, 8, 8, 8, 
8, 9, 9, 9, 10, 10, 10, 10, 10, 11, 
11, 12, 12, 12, 12, 12, 12, 13, 13, 13, 
13, 13, 14, 14, 14, 14, 14, 14, 14, 15, 
15, 15, 16, 16, 16, 16, 16, 16, 16, 16, 
16, 17, 17, 17, 17, 17, 18, 18, 18, 18, 
18, 18, 19, 19, 20, 20, 20, 21, 21, 21, 
21, 21, 21, 22, 22, 22, 22, 22, 23, 23, 
23, 23, 23, 24, 24, 24, 24, 24, 24, 24, 
25, 25, 25, 25, 25, 25, 25, 25, 26, 26, 
26, 26, 26, 27, 27, 27, 27, 27, 27, 28, 
28, 28, 28, 29, 29, 29, 29, 29, 29, 29, 
30, 30, 30, 30, 31, 31, 31, 31, 31, 31, 
32, 32, 32, 32, 33, 33, 33, 33, 33, 33, 
33, 34, 34, 34, 34, 34, 34, 35, 35, 35, 
35, 35, 36, 36, 36, 36, 36, 36, 37, 37, 
37, 38, 39, 39, 39, 39, 39, 39, 39, 39, 
40, 40, 40, 40, 40, 41, 41, 41, 41, 42, 
42, 42, 42, 43, 43, 43, 43, 43, 43, 43, 
43, 43, 43, 43, 43, 45, 45, 45, 45, 46, 
46, 46, 47, 47, 47, 47, 47, 47, 47, 47, 
47, 48, 48, 48, 48, 48, 49, 49, 50, 50, 
51, 51, 51, 52, 52, 53, 53, 53, 53, 53, 
53, 53, 54, 54, 54, 54, 54, 55, 55, 55, 
56, 56, 56, 56, 57, 57, 57, 57, 57, 58, 
58, 58, 58, 59, 59, 59, 59, 59, 60, 60, 
60, 60, 60, 60, 60, 60, 61, 61, 62, 62, 
62, 62, 62, 62, 62, 62, 63, 63, 63, 64, 
64, 64, 64, 64, 65, 65, 65, 66, 66, 66, 
66, 66, 67, 67, 67, 67, 67, 68, 68, 68, 
68, 68, 69, 69, 69, 69, 69, 69, 69, 70, 
70, 70, 70, 70, 70, 71, 71, 72, 72, 72, 
72, 73, 73, 73, 74, 74, 74, 74, 75, 75, 
75, 75, 75, 75, 77, 77, 77, 77, 78, 78, 
78, 78, 78, 78, 78, 79, 79, 79, 79, 79, 
79, 80, 80, 80, 80, 80, 80, 81, 81, 81, 
81, 82, 82, 82, 82, 82, 83, 83, 83, 83, 
83, 83, 83, 83, 83, 84, 84, 84, 84, 84, 
84, 84, 85, 85, 85, 86, 86, 87, 87, 87, 
88, 88, 88, 88, 89, 89, 89, 89, 90, 90, 
90, 90, 90, 90, 90, 91, 91, 91, 91, 91, 
91, 91, 91, 92, 92, 92, 93, 93, 93, 93, 
93, 94, 94, 94, 94, 94, 94, 95, 95, 95, 
95, 95, 96, 96, 96, 96, 96, 96, 97, 97, 
97, 98, 98, 98, 98, 99, 99, 99, 99, 100, 
100, 100, 100, 100, 100, 100, 101, 101, 101, 101, 
101, 101, 101, 102, 102, 102, 102, 102, 102, 102, 
102, 103, 104, 104, 104, 104, 104, 104, 104, 104, 
105, 105, 105, 106, 106, 106, 106, 106, 106, 106, 
107, 107, 107, 107, 107, 108, 108, 108, 108, 109, 
109, 109, 109, 109, 110, 110, 110, 110, 110, 110, 
110, 110, 111, 111, 111, 111, 111, 111, 111, 111, 
112, 112, 112, 112, 113, 113, 113, 113, 113, 113, 
114, 114, 114, 114, 114, 115, 115, 115, 115, 115, 
115, 116, 116, 116, 116, 117, 117, 117, 117, 117, 
117, 117, 118, 118, 118, 119, 119, 119, 120, 120, 
120, 120, 120, 121, 121, 121, 121, 121, 121, 121, 
121, 122, 122, 123, 123, 124, 124, 125, 125, 125, 
125, 125, 125, 125, 125, 126, 126, 126, 126, 126, 
126, 126, 126, 126, 127, 127, 127, 127, 128, 128, 
128, 129, 129, 129, 129, 129, 129, 130, 130, 130, 
130, 130, 130, 131, 131, 131, 131, 132, 132, 132, 
132, 132, 132, 133, 133, 133, 133, 133, 133, 133, 
133, 133, 134, 134, 134, 134, 134, 135, 135, 135, 
135, 135, 136, 136, 136, 136, 137, 137, 137, 137, 
137, 138, 138, 138, 138, 138, 138, 138, 139, 139, 
139, 139, 140, 140, 140, 140, 140, 141, 141, 141, 
142, 142, 142, 142, 142, 142, 143, 143, 143, 144, 
144, 144, 144, 144, 144, 144, 144, 144, 144, 144, 
144, 145, 145, 145, 145, 145, 145, 145, 145, 145, 
146, 146, 146, 146, 146, 146, 146, 146, 147, 147, 
147, 147, 147, 147, 147, 148, 148, 148, 148, 148, 
148, 149, 149, 150, 150, 150, 150, 151, 151, 151, 
151, 151, 151, 151, 151, 151, 152, 152, 152, 152, 
152, 152, 152, 153, 153, 154, 155, 155, 155, 156, 
156, 156, 156, 156, 156, 156, 156, 156, 156, 157, 
157, 157, 157, 157, 157, 157, 158, 158, 158, 158, 
158, 158, 158, 158, 158, 158, 158, 159, 159, 159, 
159, 159, 159, 159, 159, 159, 159, 160, 160, 161, 
161, 161, 161, 161, 162, 162, 162, 162, 162, 162, 
163, 163, 163, 163, 163, 164, 164, 164, 165, 166, 
166, 166, 166, 166, 166, 167, 167, 167, 167, 167, 
168, 168, 168, 169, 169, 169, 169, 169, 169, 169, 
169, 170, 170, 170, 170, 171, 171, 171, 171, 171, 
171, 171, 171, 172, 172, 172, 173, 173, 173, 173, 
174, 174, 174, 174, 174, 174, 174, 175, 175, 175, 
176, 176, 176, 177, 177, 177, 177, 177, 177, 177, 
178, 178, 178, 178, 178, 178, 178, 178, 178, 178, 
179, 179, 179, 179, 179, 180, 180, 180, 180, 180, 
180, 180, 180, 180, 181, 181, 181, 181, 181, 181, 
181, 181, 182, 182, 182, 182, 182, 183, 183, 183, 
183, 184, 184, 185, 185, 185, 185, 185, 185, 186, 
186, 186, 186, 186, 187, 187, 187, 188, 188, 188, 
188, 188, 188, 188, 188, 188, 189, 189, 189, 189, 
190, 190, 190, 190, 191, 191, 191, 191, 192, 192, 
192, 192, 193, 193, 193, 194, 194, 194, 194, 194, 
194, 194, 195, 195, 195, 195, 195, 195, 195, 195, 
195, 195, 195, 195, 195, 195, 196, 196, 196, 196, 
196, 197, 197, 197, 198, 198, 198, 199, 199, 200, 
200, 200, 201, 201, 201, 201, 201, 201, 202, 202, 
202, 202, 202, 202, 203, 203, 203, 203, 203, 203, 
204, 204, 204, 204, 205, 205, 205, 205, 205, 206, 
207, 207, 207, 207, 207, 207, 207, 208, 208, 209, 
209, 209, 209, 210, 210, 210, 210, 210, 210, 210, 
211, 211, 211, 211, 211, 211, 211, 211, 212, 212, 
212, 212, 212, 213, 213, 214, 214, 214, 214, 214, 
215, 215, 215, 215, 215, 216, 216, 216, 216, 216, 
216, 216, 217, 217, 217, 217, 217, 217, 217, 217, 
218, 218, 218, 218, 219, 219, 219, 219, 219, 219, 
219, 220, 220, 220, 221, 221, 221, 221, 221, 222, 
222, 223, 223, 223, 223, 223, 223, 224, 224, 224, 
224, 224, 225, 225, 225, 225, 225, 225, 225, 226, 
226, 226, 226, 226, 226, 227, 227, 227, 227, 227, 
227, 228, 228, 228, 228, 228, 228, 229, 229, 230, 
230, 230, 230, 230, 230, 230, 230, 230, 231, 231, 
231, 232, 232, 232, 232, 232, 232, 232, 233, 233, 
233, 234, 234, 234, 234, 235, 235, 235, 235, 235, 
236, 237, 237, 237, 237, 237, 237, 237, 238, 238, 
238, 238, 238, 238, 238, 239, 239, 239, 239, 240, 
240, 240, 240, 240, 240, 240, 240, 240, 241, 241, 
241, 241, 241, 241, 241, 242, 242, 242, 242, 242, 
243, 243, 243, 243, 243, 244, 244, 244, 244, 244, 
244, 245, 245, 245, 245, 246, 246, 246, 246, 246, 
247, 247, 247, 247, 247, 247, 247, 248, 248, 248, 
248, 248, 248, 248, 248, 249, 249, 249, 249, 250, 
251, 251, 251, 251, 251, 251, 251, 251, 251, 252, 
252, 252, 253, 253, 253, 253, 253, 253, 254, 254, 
254, 254, 254, 255, 255, 255, 255, 256, 256, 256, 
256, 256, 257, 257, 257, 257, 257, 258, 258, 258, 
258, 258, 259, 259, 259, 259, 259, 259, 259, 260, 
260, 260, 260, 261, 261, 261, 261, 261, 261, 261, 
262, 262, 262, 262, 263, 263, 263, 263, 263, 264, 
264, 265, 265, 265, 265, 265, 265, 266, 266, 266, 
266, 266, 266, 267, 267, 267, 267, 267, 267, 267, 
268, 268, 268, 268, 268, 269, 269, 269, 269, 269, 
270, 270, 270, 270, 271, 271, 271, 271, 271, 271, 
272, 272, 272, 272, 272, 272, 272, 273, 273, 273, 
273, 273, 273, 274, 274, 274, 275, 275, 275, 275, 
276, 276, 276, 276, 277, 277, 277, 277, 278, 278, 
278, 278, 278, 278, 278, 278, 279, 279, 279, 279, 
279, 279, 280, 280, 280, 280, 280, 281, 281, 281, 
281, 281, 281, 281, 282, 282, 282, 282, 282, 282, 
282, 282, 283, 283, 283, 283, 283, 283, 283, 283, 
284, 284, 284, 284, 284, 285, 285, 285, 285, 285, 
285, 285, 285, 286, 286, 286, 286, 286, 286, 287, 
287, 288, 288, 288, 288, 288, 288, 288, 289, 289, 
289, 290, 290, 290, 290, 290, 291, 291, 291, 291, 
292, 292, 292, 292, 292, 293, 293, 293, 293, 293, 
293, 293, 293, 294, 294, 295, 295, 295, 295, 295, 
295, 296, 296, 296, 296, 296, 296, 296, 297, 297, 
297, 297, 298, 298, 298, 298, 299, 299, 299, 299, 
300, 300, 300, 300, 300, 300, 301, 301, 302, 302, 
302, 302, 302, 302, 303, 303, 303, 303, 303, 303, 
304, 304, 304, 304, 305, 305, 305, 305, 305, 305, 
305, 305, 306, 306, 306, 306, 306, 306, 306, 307, 
307, 307, 307, 307, 308, 308, 308, 308, 308, 309, 
309, 309, 309, 309, 309, 309, 310, 310, 310, 310, 
310, 310, 310, 310, 311, 311, 311, 312, 312, 313, 
313, 314, 314, 314, 314, 314, 315, 315, 315, 315, 
316, 316, 316, 316, 316, 317, 317, 317, 317, 317, 
318, 319, 319, 320, 320, 320, 321, 321, 321, 321, 
321, 321, 321, 322, 322, 323, 323, 323, 323, 323, 
323, 324, 324, 324, 324, 325, 326, 326, 326, 326, 
326, 326, 326, 327, 327, 327, 327, 327, 327, 327, 
328, 328, 328, 328, 328, 328, 328, 329, 329, 329, 
329, 330, 330, 330, 330, 330, 331, 331, 331, 331, 
331, 331, 332, 332, 332, 332, 332, 333, 333, 333, 
333, 334, 334, 334, 334, 335, 335, 335, 335, 335, 
335, 336, 336, 336, 336, 336, 336, 336, 337, 337, 
337, 337, 337, 338, 338, 338, 338, 338, 338, 338, 
339, 339, 339, 340, 340, 340, 341, 341, 341, 342, 
342, 342, 343, 343, 344, 344, 345, 345, 345, 345, 
345, 345, 345, 345, 346, 346, 347, 347, 348, 348, 
348, 349, 349, 349, 349, 350, 350, 350, 350, 350, 
350, 350, 350, 350, 350, 350, 350, 351, 351, 351, 
351, 352, 352, 352, 352, 352, 352, 352, 353, 353, 
353, 353, 354, 354, 354, 354, 354, 354, 354, 355, 
355, 355, 355, 355, 356, 356, 356, 357, 357, 357, 
357, 357, 358, 358, 359, 359, 359, 359, 360, 360, 
360, 360, 360, 360, 361, 361, 361, 361, 362, 362, 
362, 362, 363, 363, 364, 364, 364, 364, 364, 365, 
365, 365, 365, 365, 365, 366, 366, 366, 366, 366, 
366, 367, 367, 368, 368, 368, 368, 369, 369, 369, 
370, 370, 370, 370, 371, 371, 371, 372, 372, 373, 
373, 373, 373, 373, 373, 373, 374, 374, 374, 374, 
375, 375, 375, 375, 375, 375, 375, 375, 376, 376, 
377, 377, 377, 378, 378, 378, 379, 379, 379, 379, 
379, 379, 379, 380, 380, 380, 380, 380, 380, 380, 
381, 381, 381, 381, 381, 381, 381, 381, 382, 382, 
382, 383, 383, 383, 383, 383, 383, 383, 383, 383, 
384, 384, 384, 384, 385, 385, 385, 385, 385, 385, 
385, 385, 386, 386, 386, 387, 388, 388, 388, 388, 
388, 388, 388, 389, 389, 389, 389, 389, 389, 389, 
390, 390, 390, 390, 391, 391, 391, 391, 391, 392, 
392, 392, 392, 392, 392, 392, 393, 393, 393, 394, 
394, 394, 394, 394, 394, 394, 395, 395, 395, 395, 
396, 397, 397, 397, 397, 397, 398, 398, 398, 398, 
398, 398, 400, 400, 401, 401, 401, 401, 401, 402, 
402, 402, 402, 402, 403, 403, 403, 403, 404, 404, 
404, 406, 406, 406, 407, 407, 407, 407, 407, 407, 
408, 408, 408, 408, 408, 409, 409, 409, 409, 409, 
410, 410, 410, 410, 410, 410, 410, 410, 411, 411, 
411, 411, 411, 411, 411, 412, 412, 412, 412, 412, 
412, 412, 413, 413, 413, 413, 414, 414, 414, 414, 
414, 414, 415, 415, 415, 416, 416, 416, 416, 416, 
416, 416, 417, 417, 417, 418, 418, 418, 419, 419, 
419, 419, 419, 419, 419, 419, 420, 420, 420, 420, 
420, 421, 421, 421, 421, 421, 421, 421, 422, 422, 
422, 422, 422, 423, 424, 424, 424, 425, 425, 425, 
425, 425, 425, 425, 425, 425, 426, 426, 426, 427, 
427, 427, 427, 428, 428, 428, 428, 428, 429, 429, 
430, 430, 430, 430, 431, 431, 431, 431, 431, 431, 
431, 432, 433, 433, 433, 433, 433, 433, 433, 434, 
434, 434, 434, 434, 434, 434, 434, 435, 435, 435, 
435, 435, 435, 435, 435, 436, 436, 436, 436, 437, 
437, 437, 438, 438, 439, 439, 439, 439, 440, 440, 
440, 440, 440, 440, 441, 441, 441, 441, 441, 442, 
442, 442, 442, 442, 443, 443, 443, 443, 443, 443, 
444, 444, 444, 444, 444, 444, 444, 444, 445, 445, 
445, 445, 445, 445, 446, 446, 446, 446, 446, 446, 
446, 446, 447, 447, 447, 447, 447, 447, 447, 447, 
448, 448, 448, 448, 448, 448, 448, 449, 449, 449, 
449, 449, 449, 449, 449, 449, 449, 449, 449, 450, 
450, 450, 450, 451, 451, 451, 451, 451, 451, 451, 
452, 452, 452, 452, 452, 452, 453, 453, 453, 453, 
453, 453, 454, 454, 454, 454, 454, 454, 455, 455, 
455, 456, 456, 457, 457, 457, 457, 457, 458, 458, 
458, 459, 459, 459, 459, 459, 459, 459, 459, 459, 
459, 459, 459, 460, 460, 460, 460, 461, 462, 462, 
462, 462, 463, 463, 463, 463, 464, 464, 464, 464, 
464, 464, 465, 465, 465, 465, 466, 466, 466, 466, 
466, 466, 466, 466, 466, 467, 467, 467, 467, 467, 
467, 467, 467, 469, 469, 469, 469, 469, 469, 469, 
469, 469, 469, 470, 470, 471, 471, 473, 474, 474, 
474, 474, 474, 474, 474, 474, 474, 475, 475, 475, 
476, 476, 476, 476, 476, 477, 477, 478, 478, 478, 
478, 479, 479, 479, 480, 480, 480, 480, 480, 480, 
480, 481, 481, 481, 481, 481, 482, 482, 482, 483, 
483, 483, 483, 483, 483, 484, 484, 484, 484, 484, 
485, 485, 485, 485, 485, 486, 486, 486, 486, 486, 
486, 486, 487, 487, 487, 488, 488, 488, 488, 489, 
489, 489, 489, 489, 489, 490, 490, 490, 490, 490, 
490, 491, 491, 491, 491, 491, 492, 492, 492, 492, 
492, 492, 492, 492, 492, 492, 493, 493, 493, 493, 
493, 493, 493, 493, 493, 494, 494, 494, 495, 495, 
495, 495, 495, 495, 495, 496, 496, 496, 496, 497, 
497, 497, 497, 497, 497, 497, 497, 498, 498, 498, 
498, 498, 498, 499, 499, 499, 499, 499, 499, 499, 
499, 500, 500, 500, 500, 500, 500, 500, 501, 501, 
501, 501, 501, 501, 502, 502, 502, 502, 502, 502, 
502, 502, 502, 502, 503, 503, 503, 504, 504, 504, 
504, 504, 505, 505, 506, 506, 506, 506, 506, 507, 
507, 508, 508, 508, 508, 508, 508, 509, 509, 509, 
510, 510, 510, 510, 510, 510, 511, 511, 511, 511, 
511, 511, 511, 511, 511, 511, 511, 512, 512, 512, 
512, 513, 513, 513, 513, 513, 513, 513, 514, 514, 
514, 514, 514, 514, 515, 515, 515, 515, 515, 515, 
516, 516, 516, 517, 517, 517, 518, 518, 518, 518, 
518, 519, 519, 519, 519, 519, 520, 520, 520, 520, 
520, 520, 520, 520, 521, 521, 521, 521, 521, 521, 
521, 522, 522, 522, 522, 522, 522, 523, 523, 523, 
523, 523, 524, 524, 524, 524, 525, 526, 526, 526, 
527, 527, 527, 527, 527, 528, 528, 528, 528, 528, 
528, 528, 529, 529, 529, 529, 529, 529, 529, 530, 
530, 531, 531, 531, 531, 531, 531, 531, 532, 532, 
532, 532, 532, 532, 533, 533, 533, 533, 533, 533, 
533, 533, 534, 534, 534, 534, 534, 535, 535, 535, 
535, 536, 536, 536, 536, 536, 536, 536, 537, 537, 
537, 537, 537, 537, 538, 538, 538, 539, 539, 540, 
540, 540, 540, 540, 541, 541, 541, 541, 541, 541, 
541, 541, 541, 542, 542, 543, 543, 544, 544, 544, 
544, 544, 544, 544, 544, 545, 545, 545, 545, 545, 
545, 545, 545, 546, 546, 546, 546, 546, 546, 546, 
546, 546, 546, 547, 547, 547, 547, 547, 548, 548, 
548, 548, 548, 548, 549, 549, 549, 549, 550, 550, 
550, 550, 550, 550, 550, 550, 551, 551, 551, 551, 
551, 552, 552, 552, 552, 552, 553, 553, 553, 553, 
554, 554, 554, 554, 554, 554, 554, 555, 555, 555, 
555, 555, 555, 556, 556, 556, 556, 556, 557, 557, 
557, 557, 558, 558, 558, 558, 558, 559, 559, 559, 
559, 559, 559, 560, 561, 561, 561, 561, 562, 562, 
562, 562, 562, 563, 563, 563, 564, 564, 564, 564, 
565, 565, 565, 565, 565, 565, 566, 566, 566, 566, 
566, 567, 567, 567, 567, 567, 568, 568, 568, 568, 
568, 569, 569, 569, 569, 569, 569, 569, 570, 570, 
570, 570, 570, 571, 571, 571, 571, 572, 572, 572, 
572, 573, 573, 573, 573, 573, 574, 574, 574, 574, 
574, 574, 574, 575, 575, 575, 575, 576, 576, 577, 
577, 577, 577, 577, 577, 577, 578, 578, 578, 579, 
579, 579, 580, 580, 580, 580, 580, 581, 581, 581, 
582, 582, 582, 582, 582, 582, 582, 582, 583, 583, 
583, 583, 584, 584, 584, 584, 584, 584, 584, 584, 
584, 584, 585, 585, 586, 586, 586, 586, 586, 586, 
586, 587, 587, 587, 587, 588, 588, 588, 588, 588, 
588, 588, 588, 589, 589, 589, 589, 589, 590, 590, 
590, 590, 591, 591, 591, 591, 592, 592, 592, 592, 
592, 592, 592, 593, 593, 593, 593, 593, 594, 594, 
594, 594, 594, 594, 595, 595, 595, 595, 597, 597, 
597, 597, 597, 597, 598, 598, 598, 598, 598, 598, 
599, 599, 599, 599, 599, 599, 600, 600, 601, 601, 
601, 601, 601, 601, 601, 602, 602, 602, 602, 602, 
602, 602, 602, 602, 603, 603, 603, 604, 604, 604, 
604, 604, 604, 605, 605, 605, 605, 606, 606, 606, 
606, 607, 607, 607, 608, 609, 609, 609, 609, 609, 
609, 610, 611, 611, 611, 611, 611, 611, 612, 613, 
613, 613, 614, 614, 615, 615, 615, 615, 615, 616, 
616, 616, 616, 617, 617, 617, 617, 618, 618, 618, 
619, 619, 619, 619, 619, 619, 619, 619, 619, 619, 
619, 620, 620, 620, 620, 620, 621, 621, 622, 622, 
622, 622, 622, 622, 622, 623, 623, 623, 623, 623, 
624, 624, 624, 625, 625, 625, 625, 625, 625, 625, 
626, 626, 626, 626, 627, 627, 628, 628, 628, 628, 
628, 628, 628, 628, 628, 628, 628, 628, 628, 628, 
628, 629, 629, 629, 630, 630, 630, 630, 630, 631, 
631, 631, 631, 632, 632, 632, 632, 632, 633, 633, 
633, 633, 633, 633, 634, 634, 634, 634, 634, 634, 
634, 635, 635, 635, 635, 636, 636, 636, 636, 636, 
637, 637, 637, 637, 637, 638, 638, 639, 639, 639, 
640, 640, 641, 641, 641, 641, 641, 641, 641, 642, 
642, 642, 642, 642, 642, 642, 642, 642, 643, 643, 
643, 643, 643, 643, 643, 643, 643, 643, 643, 644, 
644, 644, 645, 645, 645, 645, 645, 646, 646, 647, 
647, 647, 647, 647, 648, 648, 648, 649, 649, 649, 
649, 649, 650, 650, 650, 650, 650, 651, 651, 651, 
652, 652, 652, 652, 652, 652, 652, 653, 653, 653, 
653, 653, 653, 653, 654, 654, 654, 654, 654, 654, 
654, 654, 654, 654, 655, 655, 655, 655, 655, 655, 
655, 655, 656, 656, 656, 656, 657, 657, 657, 657, 
657, 657, 658, 658, 658, 659, 659, 659, 659, 659, 
660, 660, 660, 660, 660, 660, 660, 660, 660, 660, 
661, 661, 661, 661, 661, 662, 662, 662, 662, 662, 
663, 663, 663, 663, 663, 664, 664, 664, 664, 664, 
665, 665, 665, 665, 666, 666, 666, 666, 667, 667, 
668, 668, 668, 668, 668, 669, 669, 669, 669, 669, 
669, 669, 669, 669, 669, 669, 669, 670, 670, 670, 
671, 671, 671, 671, 671, 671, 671, 671, 671, 672, 
672, 672, 672, 672, 673, 673, 673, 673, 674, 674, 
674, 674, 674, 675, 675, 675, 676, 676, 676, 676, 
676, 676, 676, 678, 678, 678, 679, 679, 679, 679, 
679, 679, 679, 679, 680, 680, 680, 680, 680, 681, 
681, 681, 681, 682, 682, 682, 682, 682, 682, 682, 
682, 683, 683, 683, 683, 684, 684, 684, 684, 684, 
684, 685, 685, 685, 686, 686, 686, 686, 686, 686, 
687, 687, 687, 687, 687, 687, 689, 689, 689, 690, 
690, 690, 692, 692, 692, 692, 692, 692, 693, 693, 
693, 693, 694, 695, 695, 695, 695, 695, 695, 695, 
696, 696, 696, 696, 696, 697, 697, 698, 698, 698, 
698, 698, 698, 699, 699, 699, 699, 699, 700, 700, 
700, 700, 701, 701, 701, 701, 701, 701, 702, 702, 
702, 702, 702, 702, 702, 703, 704, 704, 704, 704, 
704, 704, 705, 705, 705, 705, 705, 706, 706, 706, 
706, 706, 707, 707, 707, 707, 708, 708, 708, 708, 
708, 709, 709, 709, 709, 709, 710, 710, 710, 711, 
711, 712, 712, 712, 712, 712, 712, 712, 713, 713, 
713, 713, 713, 714, 714, 714, 714, 714, 715, 715, 
716, 716, 716, 716, 716, 716, 716, 716, 717, 717, 
717, 717, 717, 717, 717, 718, 718, 718, 718, 718, 
718, 718, 719, 719, 719, 719, 719, 719, 720, 720, 
721, 721, 722, 722, 722, 722, 722, 722, 722, 722, 
722, 723, 723, 723, 723, 723, 723, 723, 723, 724, 
724, 724, 724, 724, 724, 725, 726, 726, 726, 726, 
726, 727, 727, 727, 727, 727, 728, 729, 729, 730, 
730, 730, 730, 730, 730, 731, 731, 731, 732, 732, 
732, 732, 733, 733, 733, 733, 733, 734, 734, 734, 
734, 734, 734, 734, 735, 735, 735, 736, 736, 737, 
737, 737, 737, 737, 737, 738, 738, 738, 739, 739, 
739, 739, 740, 740, 740, 740, 740, 740, 740, 741, 
741, 741, 741, 741, 742, 742, 742, 742, 742, 742, 
742, 742, 743, 743, 743, 744, 744, 745, 745, 745, 
745, 746, 746, 746, 746, 746, 747, 747, 747, 747, 
747, 747, 747, 748, 748, 748, 748, 748, 748, 748, 
749, 749, 749, 749, 750, 750, 750, 751, 751, 751, 
751, 751, 752, 752, 753, 753, 753, 753, 753, 753, 
754, 754, 755, 755, 755, 755, 755, 755, 756, 756, 
757, 757, 757, 757, 757, 757, 758, 759, 759, 759, 
759, 760, 760, 760, 760, 760, 760, 761, 761, 761, 
761, 761, 761, 761, 761, 762, 762, 762, 762, 762, 
762, 763, 763, 763, 763, 763, 763, 763, 763, 763, 
764, 764, 764, 764, 764, 765, 765, 765, 765, 765, 
765, 765, 765, 765, 765, 765, 766, 766, 766, 766, 
767, 767, 767, 767, 767, 767, 767, 768, 768, 768, 
768, 768, 769, 769, 770, 770, 770, 771, 771, 771, 
771, 771, 771, 771, 772, 772, 772, 773, 773, 773, 
774, 774, 774, 774, 775, 775, 775, 775, 776, 776, 
776, 776, 777, 777, 777, 778, 778, 778, 778, 778, 
778, 778, 779, 779, 779, 780, 780, 780, 780, 781, 
781, 781, 782, 782, 782, 782, 782, 782, 783, 783, 
783, 783, 783, 783, 784, 784, 784, 784, 784, 784, 
784, 785, 785, 785, 785, 786, 786, 786, 787, 787, 
787, 788, 788, 788, 788, 788, 788, 789, 789, 789, 
789, 789, 790, 790, 790, 790, 791, 791, 791, 791, 
791, 792, 792, 792, 792, 792, 792, 793, 793, 793, 
793, 793, 793, 793, 794, 794, 794, 794, 794, 794, 
795, 795, 795, 795, 795, 795, 795, 795, 796, 796, 
796, 796, 796, 796, 796, 796, 796, 796, 797, 797, 
797, 797, 797, 797, 798, 799, 799, 799, 799, 799, 
799, 799, 799, 800, 800, 800, 800, 801, 801, 801, 
801, 801, 801, 801, 801, 801, 802, 802, 803, 803, 
803, 803, 803, 803, 803, 803, 804, 804, 804, 804, 
805, 805, 805, 805, 806, 806, 806, 806, 806, 806, 
806, 806, 806, 807, 807, 807, 807, 807, 808, 808, 
808, 808, 808, 808, 809, 809, 809, 809, 810, 810, 
810, 810, 810, 810, 811, 811, 811, 811, 811, 811, 
811, 811, 812, 812, 812, 812, 812, 812, 813, 813, 
813, 813, 814, 814, 814, 814, 814, 814, 814, 815, 
815, 815, 816, 816, 816, 816, 816, 816, 817, 817, 
818, 818, 818, 818, 818, 819, 819, 819, 819, 819, 
819, 819, 819, 819, 820, 820, 820, 820, 820, 821, 
821, 821, 822, 822, 822, 822, 823, 823, 824, 824, 
824, 824, 825, 825, 825, 826, 826, 826, 826, 827, 
827, 827, 827, 827, 828, 828, 828, 828, 828, 829, 
829, 829, 829, 829, 829, 830, 830, 830, 830, 830, 
830, 831, 831, 831, 831, 831, 831, 831, 831, 832, 
832, 832, 832, 833, 833, 833, 833, 833, 833, 834, 
834, 834, 834, 834, 835, 835, 835, 835, 835, 835, 
836, 836, 837, 837, 838, 838, 838, 838, 838, 838, 
838, 839, 839, 839, 839, 839, 839, 839, 839, 840, 
840, 840, 840, 840, 840, 840, 840, 841, 842, 842, 
842, 842, 842, 842, 843, 843, 843, 843, 843, 843, 
843, 843, 844, 844, 845, 845, 845, 845, 845, 845, 
845, 846, 846, 846, 847, 847, 847, 847, 847, 848, 
848, 848, 848, 849, 849, 849, 849, 849, 849, 850, 
850, 850, 850, 850, 850, 850, 851, 851, 851, 851, 
851, 851, 851, 851, 852, 852, 852, 852, 852, 852, 
853, 853, 853, 853, 853, 853, 854, 854, 854, 854, 
854, 854, 854, 855, 855, 855, 855, 855, 856, 856, 
856, 856, 856, 857, 857, 857, 857, 857, 858, 858, 
858, 858, 858, 859, 859, 859, 860, 860, 860, 861, 
861, 861, 861, 862, 862, 862, 862, 862, 863, 863, 
863, 863, 863, 864, 864, 864, 864, 864, 865, 865, 
865, 865, 865, 866, 866, 866, 866, 866, 866, 867, 
867, 867, 867, 867, 867, 867, 868, 868, 868, 868, 
869, 869, 869, 869, 869, 869, 870, 870, 871, 871, 
871, 871, 871, 871, 871, 871, 872, 872, 872, 872, 
872, 872, 872, 873, 873, 873, 873, 873, 873, 874, 
874, 875, 875, 875, 876, 876, 876, 876, 876, 877, 
877, 878, 878, 878, 878, 878, 878, 878, 879, 880, 
880, 880, 880, 881, 881, 881, 881, 881, 881, 881, 
881, 881, 881, 881, 882, 882, 882, 882, 882, 882, 
882, 882, 882, 883, 883, 883, 883, 883, 883, 884, 
884, 885, 885, 885, 885, 885, 885, 885, 886, 886, 
886, 886, 886, 886, 886, 887, 887, 887, 887, 887, 
887, 888, 888, 888, 888, 888, 888, 889, 889, 889, 
890, 890, 891, 891, 891, 891, 891, 891, 892, 892, 
892, 892, 892, 893, 893, 893, 893, 893, 893, 893, 
894, 894, 895, 895, 895, 895, 895, 895, 896, 896, 
896, 896, 897, 897, 897, 897, 898, 898, 898, 898, 
898, 899, 899, 899, 899, 899, 899, 899, 900, 900, 
900, 900, 900, 901, 901, 901, 901, 901, 902, 902, 
903, 903, 903, 904, 904, 904, 904, 904, 905, 905, 
905, 905, 906, 906, 906, 906, 906, 906, 906, 907, 
907, 907, 907, 908, 908, 908, 908, 909, 909, 909, 
909, 909, 909, 909, 909, 910, 910, 910, 911, 911, 
912, 912, 912, 912, 912, 912, 913, 913, 913, 913, 
913, 913, 914, 914, 914, 914, 914, 915, 915, 915, 
915, 915, 915, 916, 916, 916, 916, 917, 917, 917, 
917, 917, 917, 917, 917, 917, 918, 918, 918, 918, 
918, 918, 919, 919, 919, 919, 920, 920, 920, 920, 
920, 920, 921, 921, 922, 922, 922, 922, 922, 922, 
923, 923, 923, 923, 923, 923, 924, 924, 924, 924, 
924, 925, 925, 925, 925, 926, 927, 927, 927, 927, 
928, 928, 928, 928, 929, 929, 929, 929, 929, 929, 
929, 930, 930, 930, 931, 931, 931, 931, 931, 932, 
932, 932, 932, 932, 932, 933, 933, 933, 933, 933, 
933, 934, 934, 934, 934, 934, 935, 935, 935, 935, 
936, 936, 936, 936, 936, 936, 937, 937, 937, 938, 
938, 938, 938, 938, 938, 938, 939, 939, 939, 939, 
939, 939, 939, 939, 940, 940, 940, 940, 940, 940, 
940, 941, 941, 941, 942, 942, 942, 942, 942, 942, 
943, 943, 943, 943, 943, 943, 944, 944, 944, 944, 
944, 944, 944, 945, 945, 945, 945, 945, 946, 946, 
946, 947, 947, 947, 947, 947, 947, 948, 948, 948, 
948, 948, 948, 948, 949, 949, 949, 950, 950, 950, 
950, 950, 951, 952, 952, 952, 953, 953, 953, 953, 
953, 953, 953, 954, 954, 954, 954, 955, 955, 955, 
955, 955, 955, 956, 956, 956, 956, 956, 956, 956, 
956, 957, 957, 957, 957, 957, 957, 957, 958, 958, 
958, 958, 958, 958, 958, 958, 959, 960, 960, 961, 
961, 961, 962, 962, 962, 962, 962, 963, 963, 963, 
963, 963, 963, 963, 963, 964, 965, 965, 966, 966, 
966, 966, 966, 966, 966, 967, 967, 967, 967, 967, 
968, 968, 969, 969, 969, 969, 969, 969, 969, 970, 
971, 971, 971, 971, 972, 972, 972, 972, 973, 973, 
974, 974, 974, 974, 974, 974, 975, 975, 975, 976, 
976, 976, 976, 976, 976, 977, 977, 977, 978, 978, 
978, 978, 978, 978, 978, 978, 978, 979, 979, 979, 
980, 980, 980, 980, 980, 980, 980, 981, 982, 982, 
982, 982, 982, 982, 983, 983, 983, 983, 983, 983, 
983, 983, 983, 984, 984, 984, 985, 985, 985, 985, 
985, 985, 985, 986, 986, 986, 986, 987, 987, 987, 
987, 987, 987, 988, 988, 988, 988, 988, 988, 989, 
989, 989, 989, 989, 989, 990, 990, 990, 990, 990, 
990, 990, 990, 990, 991, 991, 991, 991, 992, 992, 
992, 993, 993, 993, 994, 994, 994, 995, 995, 995, 
995, 995, 995, 995, 995, 996, 996, 996, 996, 997, 
997, 997, 997, 997, 997, 997, 997, 997, 998, 998, 
999, 999, 999, 999, 999, 999, 999, 999, 999, 999, 












Sorted array with random strings:

0xxsot, 0edwcf, 0gyfth, 0pkzwk, 0yxyel, 0qcjes, 0icsbs, 0lfvjk, 1cpihi, 1rwsqs, 
2epsft, 2dxxob, 3rxfjy, 3xwfvf, 3rxwbf, 3etdzl, 3yfcqk, 3xvhuk, 4lmhqx, 4hqwol, 
4bgkaj, 5peevf, 5qtnsl, 5xsghm, 5suybm, 5wkcsz, 5pvhav, 5qrcvm, 5jnfwh, 6qwzzf, 
6mtzmx, 6lkhoc, 7ifaph, 7xizbd, 7nlstj, 7zlfzm, 8mnilz, 8fxkmn, 8ovsom, 8coubp, 
8zocrj, 9orxvs, 9jihrt, 9gwqsl, 10fhiax, 10uclrd, 10dqthk, 10dxdat, 10vlbcd, 11wkbpd, 
11oukwu, 12jtwxm, 12bacvj, 12oahrc, 12aonds, 12szduq, 12iklsh, 13hdcga, 13ohcse, 13mhgva, 
13ixpwc, 13hqdmk, 14uuxfo, 14eosiu, 14sycxq, 14ijzpg, 14axdrv, 14fymin, 14yehvl, 15wbaqj, 
15ukhyh, 15ajsby, 16ydxdu, 16tkvfv, 16ifzpb, 16lncnf, 16ohqxi, 16xxrqb, 16pqemw, 16zhgwo, 
16deudv, 17xqlzd, 17qpmgn, 17ugmly, 17naoup, 17kvytr, 18nwvhb, 18qerbf, 18uuvha, 18kdgwp, 
18emrvg, 18ihbhc, 19uuzpd, 19ahjul, 20oqflz, 20hvdou, 20uuglr, 21ouzrd, 21blxcc, 21cdllz, 
21ybpdn, 21plkub, 21eoxmb, 22pcvov, 22arizu, 22kbzym, 22ywopc, 22depna, 23suopg, 23qelnu, 
23gompn, 23ibrhz, 23dhytw, 24aydpm, 24dhguy, 24omdbz, 24zipnz, 24fvawe, 24cblcx, 24kevnt, 
25jscrm, 25ciyhj, 25ahrru, 25sysvw, 25wxakb, 25xufuh, 25agzex, 25ogfmo, 26povig, 26rbejw, 
26bivds, 26waodw, 26vdcwh, 27amnhz, 27dypah, 27xsked, 27ghnbk, 27hzmvc, 27isfnr, 28onddw, 
28ehvuj, 28etdox, 28juewx, 29qgycb, 29alwha, 29nxnsa, 29lxjit, 29vmmya, 29mhwsg, 29tjmrn, 
30ptala, 30aazpt, 30abslj, 30lgwzh, 31ylove, 31uopgi, 31cwbdj, 31edkdt, 31ffuxt, 31fkbdj, 
32icvzx, 32bvnqc, 32xuabx, 32lfbxk, 33wcssb, 33nxlqb, 33xbfsa, 33evvtn, 33zrhbs, 33fpzim, 
33lerfw, 34usvgl, 34ydmdx, 34mjujd, 34hjuom, 34otbnd, 34oyhhg, 35fbybj, 35lboxf, 35nlqhv, 
35tognf, 35sbyuq, 36ekrlt, 36xtuxw, 36gjxug, 36eksvr, 36poive, 36nnhnj, 37artrf, 37moyjn, 
37wpwtl, 38fyvzv, 39nolxl, 39pkyzx, 39izpdq, 39wsgub, 39vqsul, 39dzlba, 39goqsn, 39bjxzi, 
40wjjln, 40bhfhd, 40ifvaz, 40hfyug, 40abwqv, 41jtegu, 41pdeyq, 41taaaj, 41fkqdk, 42pkrpe, 
42yphuh, 42cgcjo, 42xardy, 43kwamy, 43mricu, 43usglj, 43nlzwg, 43ibolk, 43cikwl, 43kgjnu, 
43jznrd, 43knxqy, 43hfkie, 43sqfgd, 43pklbg, 45yloja, 45iszwl, 45fgyey, 45xlgjv, 46kdmpl, 
46rgvdh, 46edusp, 47vdhwz, 47tdhri, 47hqvnb, 47rzedo, 47ruwnz, 47dtfal, 47uxodt, 47pwzyq, 
47hiicx, 48ktxqy, 48livkx, 48wnqbp, 48dxmsb, 48ijzhk, 49rqsas, 49pkomc, 50oakjk, 50hgzzj, 
51rdjdv, 51mnglu, 51qfmkf, 52fcrvo, 52tjqgt, 53cnbcn, 53mvsxy, 53pjmvx, 53iocxa, 53jcccz, 
53tvijd, 53dmrgq, 54gtlys, 54lnczk, 54zkadh, 54bmldo, 54kwlui, 55pawig, 55oqbzq, 55umfwo, 
56rxysa, 56htosy, 56eexry, 56fiybq, 57hpiiq, 57aeefa, 57sxzsr, 57bzkpr, 57kvxhn, 58wmxwp, 
58ofeyo, 58wzsbe, 58vtdwm, 59uylgp, 59frnca, 59aapxz, 59enejo, 59uhnpi, 60tmczi, 60qtgdc, 
60ykvln, 60vnpkm, 60qravc, 60qrjdg, 60syuwx, 60dotlr, 61xjcsu, 61rphic, 62uztww, 62voner, 
62wwrqu, 62pvikh, 62chsez, 62nxqwf, 62sselq, 62ageql, 63xojpe, 63ggcoq, 63jqzbw, 64yqtop, 
64zjhfu, 64aidey, 64qemzv, 64shbww, 65tfosj, 65lsbgi, 65qhran, 66mavpg, 66vhmjg, 66hdoia, 
66mdhav, 66snnuu, 67ykbpm, 67qdmlu, 67vibht, 67kpxaz, 67zmdgo, 68yzcot, 68ymfzd, 68uqhid, 
68ddofn, 68hpcgr, 69dfdgm, 69thnvx, 69ivjnv, 69ojnvs, 69sbvgg, 69iqxmw, 69oscty, 70qmfdk, 
70clfna, 70ackpz, 70ckazs, 70iiihw, 70fvojo, 71pzdwc, 71nbnsq, 72nvuzm, 72ubwwb, 72phlxo, 
72jekap, 73apodl, 73ssohl, 73fxizw, 74uvyts, 74bizmh, 74pxobx, 74dcmuh, 75amcow, 75nttxt, 
75ptopm, 75iswjg, 75ezesa, 75bxeot, 77ooiqe, 77efaxc, 77toxjg, 77kuygf, 78fmgjg, 78jkena, 
78zdqht, 78vlaxk, 78esbcb, 78hoxhu, 78dohjz, 79psmvi, 79mvlfc, 79hcqhz, 79amrbq, 79ukess, 
79axiji, 80izbuu, 80lipyn, 80uhpkp, 80qkdho, 80veyzw, 80szvbj, 81dligf, 81etpus, 81dozua, 
81qnkvu, 82yqyzp, 82wrrtu, 82cxfkd, 82mqxck, 82rhaqb, 83ajqne, 83lnvlm, 83mkefd, 83ahcgt, 
83iskhw, 83wydzq, 83hzzxo, 83gkcby, 83opiuv, 84nvcqd, 84wyxif, 84uefxd, 84vefxe, 84tdovg, 
84mmvwi, 84skfxc, 85itcid, 85jchob, 85lliqi, 86mjnah, 86tpvrl, 87djxjg, 87ztbdb, 87emfmc, 
88hzopr, 88wdckd, 88jfsew, 88gkgdv, 89ofosi, 89syxxm, 89zglnx, 89cmafy, 90gqdax, 90cghim, 
90cyrsq, 90bkryk, 90dyqpn, 90otzoy, 90zwrdx, 91ofdxp, 91pzpir, 91ikezi, 91ociet, 91wunxl, 
91nxhec, 91eujir, 91yzqpi, 92kxsqy, 92cebnk, 92ulfji, 93qxhxb, 93jcwsm, 93nslgk, 93vshni, 
93isojf, 94yfqfp, 94avmiv, 94ptzno, 94ldiyl, 94sudcj, 94nkbdv, 95ibayh, 95rzedj, 95zvcai, 
95slnbm, 95ytidv, 96rqhvt, 96cdxfe, 96gwdkc, 96omxsm, 96hlavm, 96mvhwz, 97fnpmk, 97lrokw, 
97sqsxc, 98wnovf, 98bdqda, 98ervmn, 98urcmd, 99nzwdj, 99sxbnw, 99djjuf, 99qvkha, 100mnrhz, 
100eeqis, 100wvrsa, 100cnxda, 100vglea, 100svxce, 100zorqy, 101rwcjf, 101whcna, 101dppcs, 101pyace, 
101dvzcx, 101fcoxu, 101oqrsb, 102wojyb, 102ldqcg, 102kremt, 102irqku, 102opyeo, 102usglk, 102kjyvk, 
102zinrk, 103tddzr, 104ykjpw, 104ffnfj, 104czbkl, 104nwulr, 104embsf, 104nnkqp, 104brzmg, 104vrniw, 
105wmwzz, 105hovdz, 105pknse, 106ugtgw, 106ihpju, 106venkp, 106kgdih, 106cpvau, 106wrglj, 106kfpel, 
107oovdy, 107rbeel, 107tquzy, 107bdpzd, 107mvwsh, 108gdoxj, 108cnxzt, 108vsway, 108hvpdu, 109phyhg, 
109dtbcl, 109kiqbh, 109bdxze, 109qwwmy, 110uvulz, 110qbgqi, 110mwdpy, 110ocihd, 110riioj, 110megkq, 
110geocq, 110nttvl, 111bjhey, 111hucpd, 111hhmpv, 111xdcfn, 111umsio, 111kxjds, 111vgbek, 111cmggd, 
112komyd, 112kvjmd, 112wirqr, 112faorf, 113jolms, 113xqgex, 113molyo, 113qklzw, 113oyffo, 113ynroe, 
114wzsim, 114mfcvl, 114bhzmh, 114pfsbe, 114qpcxx, 115txkkm, 115qgliq, 115zwycr, 115jdajs, 115kyxeb, 
115durgu, 116ozraj, 116fqrra, 116iqwgu, 116opaqa, 117sabpe, 117eubva, 117vlbon, 117mudgn, 117dodcw, 
117asnai, 117qsltj, 118rxdsv, 118gpijg, 118wyabe, 119nhusj, 119qubfu, 119lxowq, 120zqqfi, 120nlavw, 
120gruiv, 120yxcsr, 120lkmos, 121gbpxa, 121iwqyb, 121aloai, 121lichq, 121xgnza, 121hmltc, 121dbduy, 
121fcxva, 122ywnpy, 122ychaj, 123zxppy, 123swmfp, 124qisve, 124tbhqy, 125jqwzf, 125xxhex, 125tfwku, 
125wcskh, 125jarcx, 125wvadn, 125zmdvl, 125lsiuy, 126hngfy, 126cbavl, 126kenbi, 126lzflc, 126umryk, 
126eleph, 126dwvlc, 126vnfxk, 126rhrgl, 127ztkhh, 127pbtgb, 127fkokz, 127wpyra, 128aonhl, 128aavrh, 
128gqcqz, 129jhbfn, 129ekatw, 129zplzi, 129lbwbj, 129hbjcs, 129qkkvd, 130keknl, 130yryak, 130uzbgb, 
130jtcfu, 130lpxvt, 130pneci, 131joptb, 131atuyt, 131fvvgb, 131wswyx, 132rkmqh, 132iiumk, 132dvyuq, 
132bukvv, 132fcqaj, 132twdpx, 133aijpz, 133qxhml, 133trirl, 133augkp, 133dssvs, 133dorgf, 133qgozx, 
133prwyd, 133jrvtk, 134gueog, 134ttylo, 134rqekw, 134kafab, 134crsbp, 135vkiqg, 135szawn, 135grhff, 
135xyvci, 135sokxo, 136lbhfe, 136waret, 136xysxw, 136hdnqi, 137soiqq, 137siech, 137upidu, 137pbxgf, 
137sdfka, 138btdok, 138ojawz, 138qpjwt, 138qslav, 138hpwev, 138dwaii, 138alegb, 139qukqs, 139lijug, 
139dmyqp, 139vxete, 140cwacg, 140lftrl, 140uhhhx, 140zshlp, 140nodlg, 141sidzb, 141hbzkf, 141hxkao, 
142xwved, 142ueybp, 142pqfsb, 142lnlqm, 142mypni, 142uufhw, 143veusj, 143yopyr, 143gnhnh, 144kyuvq, 
144gjoxw, 144yusfb, 144qahku, 144skiji, 144zpxgc, 144fscbn, 144tkyjh, 144uibop, 144eeqop, 144kizvs, 
144kujhd, 145oovss, 145lncjx, 145lghnw, 145wtboh, 145sbstw, 145kdstn, 145vjbtc, 145tgpxr, 145ojzvy, 
146wutzk, 146drlvk, 146jhqcc, 146dzmeu, 146oaafz, 146uuktr, 146irleq, 146whjjc, 147utjkv, 147nnuzt, 
147pnvrv, 147xnphj, 147gsauw, 147tsdcd, 147hywsi, 148tfxqh, 148thuqy, 148rnogv, 148xpnxj, 148lqdov, 
148gxtfr, 149eyydo, 149fwvcp, 150wtcka, 150zhpog, 150azzfp, 150unons, 151ftrex, 151hjvfl, 151kbfpn, 
151howyf, 151eaedf, 151wzukp, 151nqigw, 151fnhbu, 151vnxac, 152kjtih, 152ynjes, 152oaukn, 152jxdtd, 
152bztic, 152ndplf, 152sxqni, 153zlxir, 153pyslj, 154fwgkq, 155mnrhx, 155tubkh, 155iehzr, 156pacmj, 
156wdhor, 156qvnzh, 156dnuuu, 156rpqua, 156afehg, 156wygam, 156pwrzm, 156irjws, 156qbfmw, 157zglsc, 
157nshsz, 157pqxws, 157lnrco, 157dlgpj, 157yhkgw, 157ihcwz, 158gjrod, 158sdtrb, 158mcrff, 158fiqlz, 
158zmhls, 158duzhq, 158bnzsd, 158dljyc, 158kmfbr, 158mhceu, 158bfiiq, 159ankcu, 159adicx, 159nhkwf, 
159pjuwk, 159litnm, 159qrryz, 159hbpud, 159lwivy, 159hjfsf, 159nhohf, 160bsnwi, 160bmzsl, 161aborv, 
161rdsby, 161sihac, 161npldw, 161qeqdb, 162aenzy, 162accot, 162xhwrk, 162vmvcm, 162xrblv, 162zbzrh, 
163csnst, 163muvol, 163rnunh, 163fktcp, 163hbgkm, 164dlofc, 164vhuib, 164owwlk, 165hcabs, 166hicck, 
166rjmav, 166ydgoi, 166ilsfu, 166ttqpg, 166dyjdc, 167bmkfo, 167xzzjz, 167ujeca, 167pkljr, 167hcmau, 
168tduei, 168whwhm, 168kgnjr, 169ofcth, 169cktqt, 169lxxxx, 169tscqw, 169mmdiv, 169subff, 169sukvp, 
169rzblp, 170wynvv, 170krqph, 170mbvqm, 170rkgup, 171mplyk, 171csjff, 171bbdox, 171aaqqp, 171xftsv, 
171hlhpg, 171ydvkc, 171housu, 172btxej, 172ugkmx, 172bjcwe, 173zdrgv, 173zeywq, 173adfwy, 173bxryd, 
174bvknh, 174jqtln, 174zmsqu, 174nqamm, 174rosyn, 174qbkjz, 174qmuab, 175ejsxw, 175fykzo, 175engez, 
176txpnx, 176cfypq, 176yfduh, 177eysyx, 177odvaf, 177messk, 177tniic, 177hnhgc, 177yejda, 177qjbii, 
178aynyy, 178skeke, 178ofsyo, 178uideo, 178hcuqh, 178uiqxs, 178yyqow, 178qgiut, 178mkygl, 178odtth, 
179jalds, 179szakx, 179slxkz, 179vchdw, 179arjba, 180wrdrl, 180manzd, 180grcgd, 180bboyl, 180nvoxa, 
180mzsxa, 180uvuxm, 180hlmuk, 180radwh, 181gxkvy, 181xktlh, 181uahoz, 181jivdh, 181hkswh, 181ephhl, 
181qnlak, 181jyvel, 182eanlo, 182nxykc, 182htpzp, 182wfhdm, 182swcdy, 183oowlv, 183kqxzd, 183omamy, 
183dussv, 184jqbqt, 184pjrto, 185qifot, 185calza, 185pnorc, 185nwwfq, 185togwf, 185coqth, 186glrna, 
186npayr, 186cperj, 186iefel, 186wazew, 187ggkyc, 187uhnlu, 187pamsb, 188duqjl, 188bsrhy, 188cfyel, 
188xmshn, 188wbujp, 188qzpct, 188qhnjt, 188bklut, 188lzakf, 189mhrgq, 189gcuan, 189jtoyv, 189hrfxc, 
190yyolu, 190kwtki, 190yypsg, 190iykcb, 191yluml, 191rwewt, 191gutvh, 191nfehr, 192mfsex, 192ymwlo, 
192xjbtx, 192mktth, 193ozdhw, 193lvdpc, 193xdjph, 194jptfa, 194jelkx, 194jzjeu, 194qvtwc, 194shzvy, 
194bsbnj, 194lwzgd, 195bqhpc, 195gadpe, 195xibte, 195elndi, 195lhdou, 195mbsni, 195vraeg, 195emgib, 
195mhloa, 195psncx, 195ypgbg, 195apjud, 195rpurv, 195cwhig, 196jwnuk, 196qmefq, 196edikg, 196qnwzh, 
196brzvk, 197uzich, 197qndgj, 197qyxud, 198oyjyj, 198roynn, 198fogel, 199tbkdd, 199tusza, 200bpyzl, 
200dpkmn, 200vedtt, 201sakzh, 201vuiix, 201ldrfc, 201rgrrh, 201dvypj, 201nmpqh, 202jjhtk, 202oqewa, 
202bjevo, 202goxag, 202gfbhu, 202kuial, 203plwyg, 203gpymn, 203zpzdk, 203plzml, 203hvqic, 203kuwuw, 
204jljfk, 204pnboz, 204oppns, 204bfdar, 205phohr, 205ssoro, 205maawi, 205mnvnd, 205xdsmt, 206mnyqq, 
207rhzgo, 207tyijr, 207xvszt, 207cljxa, 207mudhi, 207wtyul, 207omspu, 208jistr, 208mqper, 209igctf, 
209egcin, 209meikb, 209uanos, 210hxcbr, 210unjlt, 210bvbfp, 210jkxlu, 210mzyum, 210zomod, 210gvcjz, 
211vfmfq, 211iinjp, 211csbzf, 211vlfwi, 211rxwfm, 211bmjgx, 211ibcxg, 211ufqhq, 212gkjhl, 212ofzvb, 
212jmyfu, 212mjiwp, 212fgqhf, 213zbkpk, 213dvwmf, 214ickjy, 214lsmlz, 214iykqw, 214zvcse, 214irhug, 
215sxeol, 215lyovj, 215oibct, 215dltnd, 215ppbuh, 216feypy, 216ghymv, 216lxwbu, 216fpcju, 216ymhtz, 
216kjqld, 216xthxi, 217hgphs, 217mtsiw, 217oqorz, 217irlpk, 217mzvdn, 217acgjc, 217otifa, 217crvuc, 
218sluie, 218tqvgh, 218huidz, 218vfcbp, 219epiow, 219iqogn, 219sayoi, 219chazp, 219hgjpl, 219jlrlo, 
219greqf, 220caxqg, 220kkika, 220qmhsn, 221wzwgr, 221hreae, 221sivyy, 221cbzbt, 221hmgqw, 222gilqb, 
222ymcwu, 223velzg, 223rspms, 223pqtos, 223pwgvo, 223edwpt, 223zqgem, 224czsqz, 224zhtqw, 224lfohw, 
224gwuot, 224itwgk, 225qgcyk, 225rcljs, 225kkcfc, 225yrkma, 225gvyaj, 225rkcpq, 225pfyrf, 226kiiwu, 
226cieeo, 226jehtr, 226hzmhb, 226xalcp, 226brxci, 227cmrmk, 227lrtrv, 227haaqv, 227tzuhg, 227vegig, 
227vkxuo, 228ixcbl, 228nocif, 228arich, 228fvgac, 228mxgug, 228ppsok, 229gwjkx, 229wxlbf, 230tbwdd, 
230fiylk, 230czikt, 230qzlio, 230xqmia, 230keaxh, 230hqigv, 230nlenz, 230opywa, 231uobhw, 231pgoco, 
231rourl, 232caekg, 232zasdn, 232rudrs, 232dnheu, 232dwcua, 232qlqle, 232bnehz, 233lhzdm, 233pwgsp, 
233zxdgd, 234zlbcf, 234busrf, 234wvudc, 234wolxt, 235amrie, 235gjdlp, 235hldip, 235kmjff, 235rbang, 
236fjusj, 237psvgd, 237cnmha, 237eolhz, 237ctnmy, 237sfcvs, 237icedw, 237nurib, 238umqgu, 238qkket, 
238lgnyu, 238ltznq, 238uwsyb, 238qlvhv, 238ybkok, 239ehuql, 239octba, 239oovpc, 239ljafh, 240dyuaf, 
240sbjcp, 240tiyny, 240jbade, 240dttai, 240xmuzt, 240dcrye, 240zsfiu, 240xbcvo, 241chsdm, 241yifri, 
241nqwjp, 241qntjn, 241yiffs, 241bctda, 241kfhek, 242vcsaw, 242dpozz, 242ermxb, 242bxlgf, 242ehhzm, 
243jltsp, 243enuyp, 243qbfgd, 243gkuuk, 243vvjjb, 244opkyo, 244wjarc, 244rxrly, 244hdzok, 244cuwxo, 
244gulsf, 245oguyg, 245lwqnn, 245uenlq, 245luvmi, 246frecq, 246ukkfc, 246stlmt, 246rzrjm, 246hdrup, 
247jflgr, 247uokys, 247atcna, 247hfuut, 247plthx, 247foayi, 247rjpdq, 248izetx, 248wvsai, 248tjppd, 
248jeren, 248olbok, 248livcl, 248nlktg, 248jrbcs, 249mxdbm, 249hksyo, 249gmajc, 249mxkjz, 250xxmjs, 
251utkyx, 251ekuhl, 251ioycm, 251oiaqu, 251ferro, 251qpnfa, 251fztpx, 251sthob, 251vyrtb, 252gjlga, 
252fngyf, 252upwju, 253wptse, 253tkaab, 253dvzuq, 253aacoj, 253etwku, 253dhjzq, 254fwfaq, 254mtcow, 
254drrdn, 254kfqov, 254bsrxc, 255lbluc, 255cbajd, 255qxxtl, 255tyemd, 256uyjkm, 256glexk, 256jinue, 
256qyfqi, 256jjfic, 257tbazp, 257gtopf, 257cxsjv, 257dudso, 257ikppd, 258zymgi, 258qzlsb, 258byurp, 
258atnse, 258ixylq, 259pvael, 259ddlrl, 259uhlfa, 259miaiz, 259qkvdf, 259zncay, 259upwxt, 260hayuu, 
260jobww, 260dkeev, 260gwfdz, 261kcmpe, 261mjtkg, 261orjmo, 261dycgw, 261akhhq, 261enmjq, 261nwubl, 
262zpuua, 262bjtkv, 262hpvmv, 262smhbt, 263xfilo, 263aakxd, 263xwtsq, 263vvboh, 263xywuk, 264toybp, 
264uawcm, 265lfoxc, 265sxylp, 265qiksy, 265trwpn, 265iichl, 265tbmqf, 266abkoa, 266mgxmt, 266ofbaz, 
266atsyk, 266fhtjq, 266gdrst, 267yswjj, 267yxpym, 267lmron, 267sqikp, 267tryob, 267ouefn, 267xfhvq, 
268qtoir, 268ctevj, 268tnabx, 268puqni, 268rddxi, 269swpbr, 269gslwa, 269cyvit, 269ebigf, 269hvzxk, 
270krnpo, 270xjlnk, 270evcpr, 270eurbc, 271miguo, 271lbmma, 271wwrmn, 271ilwva, 271hzxlr, 271oslht, 
272ntbtp, 272qgqct, 272rarko, 272fscbn, 272cknaw, 272eqqra, 272jevna, 273lfgdj, 273bwjth, 273ayzcb, 
273pgoci, 273mibcz, 273blfwa, 274hhfql, 274orhak, 274qcksg, 275ohmcl, 275xotyq, 275uzdzv, 275ghflx, 
276scqbe, 276dsipk, 276odrch, 276czvxx, 277nrwts, 277uzbzm, 277arqrs, 277wumel, 278wuppx, 278ytyus, 
278wjjuc, 278eodfp, 278sggiz, 278bfvnl, 278gmixb, 278fwxds, 279pbbzw, 279gfmlk, 279cdsko, 279rnvob, 
279gvnos, 279qvqnb, 280ideme, 280cujpf, 280vtlqd, 280zjruy, 280uatjr, 281nzoen, 281rmswa, 281wauhp, 
281aeilu, 281omehg, 281edixm, 281bklqq, 282ajdsh, 282fqiaz, 282zcgkn, 282cyzih, 282hmkpl, 282wrwjj, 
282okste, 282czxkz, 283yjbev, 283qhvrr, 283cyeon, 283pkenw, 283pcgkv, 283mmwly, 283vmhwq, 283fozaf, 
284rddxr, 284tmezc, 284apeiz, 284bwnyi, 284ltwus, 285ozioa, 285ohftg, 285yosco, 285uefam, 285eclrc, 
285vexry, 285rfyav, 285yqedj, 286kbyfg, 286obkte, 286zzims, 286khwhy, 286ubfub, 286bsrhx, 287cubcz, 
287jqcvl, 288gwmoi, 288eapck, 288pxlxr, 288mamfh, 288ljbom, 288cxeft, 288snpee, 289yjepn, 289qhkbe, 
289epgsu, 290nfgru, 290sttya, 290mqqex, 290uegav, 290trcgu, 291imkog, 291gelmv, 291hgqbh, 291rpxht, 
292udzcd, 292vywzg, 292tiudy, 292clcna, 292zxgqy, 293phpnq, 293ljvko, 293yfoxf, 293wqpqv, 293nuisj, 
293irgrj, 293ggswv, 293ihfdr, 294vezld, 294ghvvz, 295qktye, 295cjyla, 295hrgap, 295eiwlo, 295qgupt, 
295zxaus, 296bmewm, 296jyvhl, 296xodgq, 296skbrv, 296pjbla, 296ukxwg, 296rzsvv, 297egvcp, 297hzgmf, 
297wepxx, 297kognz, 298ijlfh, 298rwglu, 298bqazs, 298sgtys, 299buyqu, 299ydies, 299knexu, 299nrruc, 
300nxsnw, 300mfeif, 300wjcvb, 300wtggz, 300zsofq, 300jshco, 301lpoge, 301mumrc, 302rnltk, 302prfvy, 
302huqxb, 302iiwpk, 302kdbaj, 302indue, 303gntth, 303giyne, 303ywapu, 303cxcyp, 303pkusl, 303daagw, 
304emkzi, 304thqtv, 304wutxj, 304nbisb, 305zjntb, 305aweaf, 305cgroi, 305zhpsd, 305moxgn, 305ivqsp, 
305tuyhp, 305choik, 306tkqmz, 306yoiqi, 306ncwmk, 306mwgcp, 306vwlwf, 306ayoqg, 306ylsry, 307rpocf, 
307wpkuc, 307ugacl, 307pyjcw, 307qfuev, 308cfhuw, 308honxs, 308tthfn, 308lzwmc, 308hdcsg, 309yinuo, 
309iytru, 309paidx, 309cyqmd, 309gzeen, 309inrmf, 309zmpmg, 310dwgzq, 310boqlt, 310qotia, 310yqzfu, 
310nnhga, 310ofmdt, 310vjrbi, 310hcyaq, 311ssena, 311emrfr, 311nsgvy, 312ijfxp, 312asysv, 313gbaed, 
313qyxum, 314yaarf, 314tgazb, 314ainif, 314cizac, 314wigwm, 315lolji, 315zjkba, 315sugst, 315kudxc, 
316kbllb, 316pijxe, 316xjtks, 316dlbqm, 316diglc, 317cxwfw, 317bqxod, 317adllb, 317sjmnt, 317eshhi, 
318tksax, 319ucvtj, 319rubpi, 320fpnqb, 320qimcv, 320hioop, 321yibrk, 321znmui, 321vncxe, 321mcwcu, 
321zudlx, 321auhqj, 321xptyg, 322dzvpv, 322emjil, 323pxplz, 323mktpv, 323srqai, 323bzxuz, 323fxzao, 
323wechp, 324qxmfi, 324lrtgi, 324qbcib, 324kjcjf, 325bqcas, 326szzxg, 326onfau, 326onojt, 326wbuak, 
326xkvzv, 326bbldd, 326eyedv, 327ltiqt, 327eggsp, 327brrwr, 327dveyx, 327zzanf, 327ftdkw, 327axpkn, 
328kowqj, 328lraep, 328rjnvi, 328kxhkk, 328opdtb, 328btysf, 328ocwku, 329fxlfc, 329dylqw, 329vctfo, 
329dtfin, 330hjifb, 330otfkd, 330zrdmw, 330hpwsh, 330sqjlv, 331xqody, 331dmhmr, 331kcnpo, 331sqfvd, 
331dcszx, 331cunlf, 332kjwyo, 332wcaeq, 332tqsgi, 332gbynw, 332dqbyr, 333yalnl, 333txwrx, 333mnbmt, 
333riklo, 334urrsg, 334owwru, 334qrwbg, 334hwfgn, 335csbgh, 335uxpgj, 335facxv, 335jnrhg, 335nxxlb, 
335dszia, 336nmvos, 336ckstr, 336barfz, 336mqofa, 336uuztf, 336awacg, 336aptxf, 337lzpfu, 337igvco, 
337wqgly, 337gfugz, 337aixck, 338eezzc, 338gmdys, 338ygavk, 338orbxc, 338zdktj, 338lvskz, 338eoegp, 
339imclk, 339ujrwe, 339dnyek, 340afnmb, 340zxwri, 340yxycd, 341qkqsx, 341aojtk, 341nxxnd, 342jqjxc, 
342kwcip, 342mimmk, 343qcwgw, 343wikfe, 344xudwi, 344ggyrd, 345cdbeo, 345qswcf, 345jujfc, 345gdnqi, 
345rndwk, 345ncqlw, 345vnzwu, 345nmokq, 346vtnfa, 346plecd, 347ovttr, 347fgwxr, 348sshrq, 348dhert, 
348upmhu, 349ozhub, 349kjxdc, 349qkjmh, 349cezly, 350rqfvk, 350aszmb, 350tcaax, 350emidq, 350mtaxi, 
350kcmln, 350mdety, 350qtsph, 350ukkwk, 350jaytf, 350ofbrf, 350jdhvo, 351wkrcd, 351ssxkh, 351egtqd, 
351dbfcu, 352lscml, 352jvoqs, 352focwr, 352gqjfd, 352tljme, 352osfuw, 352chqet, 353epquf, 353iztny, 
353mvqwa, 353trndf, 354rtzzn, 354vbuoh, 354pswho, 354dsowf, 354ojaeh, 354cyapd, 354hjwhi, 355mejis, 
355symoh, 355brzrp, 355gfagj, 355jkjjc, 356ornla, 356vzegh, 356xyhlo, 357pmhod, 357wvkxd, 357wiqhs, 
357uwlhj, 357lcipk, 358roiza, 358yoofe, 359ubbga, 359hcjxk, 359drgqa, 359rbczs, 360osjwr, 360lwhbb, 
360ovepc, 360hygsv, 360sxoan, 360qrqss, 361iilrg, 361cecmg, 361dabkr, 361frqol, 362ngiej, 362vualp, 
362vtxgn, 362ektgy, 363zmydw, 363skpky, 364axhid, 364sfasq, 364pnlov, 364augub, 364gtpfy, 365nzjcj, 
365jeiso, 365oktod, 365jdsut, 365qxoyr, 365remgl, 366lvkwz, 366vffey, 366tsimg, 366nvlir, 366eyquw, 
366hlaut, 367ohqyd, 367puiua, 368instb, 368agynq, 368stqio, 368mqbpm, 369xdvnd, 369ydziz, 369ztprm, 
370qturg, 370ljadr, 370qqjrh, 370xomsc, 371rshrd, 371iqwzk, 371isfej, 372mrsov, 372lenvx, 373wsmin, 
373qbfzs, 373ihjgh, 373vqzav, 373kmmec, 373jpgwk, 373esfsc, 374uiezj, 374wkqhq, 374zchaf, 374cmtqq, 
375wagey, 375skrzc, 375vtmzt, 375xyfqh, 375vpmes, 375riekz, 375xibdn, 375bvzuv, 376cqoqr, 376jqpog, 
377xmxlq, 377pcbwo, 377ctxdy, 378kgvjb, 378snrjg, 378kswaj, 379czxzk, 379proqp, 379cskzx, 379iledx, 
379fwmyh, 379sizqk, 379kuljw, 380vzplp, 380eokop, 380hybld, 380asbmq, 380ihbkx, 380luuxe, 380qufhi, 
381ulweb, 381nobob, 381eougb, 381mokpy, 381hbvda, 381btwgc, 381ecncj, 381qqxre, 382awvwe, 382yluia, 
382vrdqv, 383ftqcz, 383tgdij, 383mzzlq, 383fmoci, 383satnk, 383wicza, 383zftpj, 383ukpxt, 383amsbz, 
384kjlzl, 384wtorg, 384anqcp, 384qdwjt, 385ffdwf, 385yzrsc, 385sdlgc, 385zcvpv, 385epluu, 385clxyw, 
385sfeyb, 385jwccp, 386fuusc, 386yrevi, 386czypw, 387urjtr, 388hmwlm, 388zuicy, 388zjvtb, 388xtvep, 
388dgodx, 388mzovt, 388hdfdo, 389relbi, 389ldrgy, 389vesqi, 389jvqzz, 389nmydh, 389tkmyp, 389drvov, 
390ezaxi, 390asmsk, 390wbgmb, 390hbphg, 391ybqlb, 391hovce, 391sidsg, 391nsazn, 391lvqtj, 392tcmkj, 
392sjmku, 392otilw, 392odgtx, 392mhrpg, 392gaexv, 392psxed, 393iymvl, 393ijesw, 393cgzjz, 394yxgpm, 
394pwotv, 394jkpio, 394urpim, 394aqxgi, 394tjquu, 394qsryj, 395gnhui, 395egvuo, 395johax, 395tapsh, 
396ansqh, 397mibdj, 397njwug, 397hzmcv, 397cnlko, 397kfoaa, 398xcnps, 398xbdah, 398mnskk, 398yrlmt, 
398gphrb, 398vcile, 400ijgya, 400avcdx, 401lrldc, 401xetiq, 401pohyh, 401ktjtg, 401pdrxb, 402syywd, 
402whxjm, 402zgquo, 402jjcqh, 402lbcvw, 403lmzck, 403bwkzu, 403pvdme, 403qnkik, 404artci, 404dolhl, 
404huzgz, 406lhvxj, 406snevb, 406llpxw, 407zynuc, 407vzsij, 407fpdfw, 407csfaq, 407oudvp, 407egdvd, 
408zwdmt, 408gksys, 408dekhl, 408ildnn, 408tehyb, 409zfjcc, 409mdzsp, 409sybmy, 409wqcgz, 409pomvd, 
410cqjlp, 410kkwto, 410yirza, 410jtamg, 410yiydo, 410zselp, 410ipgrb, 410veltx, 411cthvt, 411hemhr, 
411uibul, 411qtfuh, 411vewby, 411zycnt, 411bpmjk, 412fsruc, 412kqkll, 412xbgcy, 412nzemc, 412clagy, 
412tipgr, 412anlrh, 413ndaxo, 413luqrz, 413qhyut, 413bxgdd, 414fzluh, 414ewwqp, 414gfsgd, 414hrzzk, 
414yprzj, 414kcirh, 415oygbu, 415pgrmy, 415isdby, 416ikrij, 416biytj, 416jfnuy, 416viwdj, 416rvrkh, 
416psbvv, 416zdfsn, 417otyom, 417hauxu, 417sscpx, 418nisfu, 418bumcr, 418kdxpv, 419kgriw, 419dswxp, 
419ssjwh, 419ikrbp, 419lclzh, 419fjkcz, 419imhzx, 419derce, 420iwwtt, 420fbdwc, 420ujhhi, 420omsao, 
420tkdcj, 421afqtj, 421ubgsu, 421bxxgv, 421aaejj, 421mzwgz, 421mbkpd, 421vrjlk, 422uhncb, 422jdyhj, 
422vhlbs, 422vqrtw, 422qfycv, 423bammn, 424zjxml, 424ywpzf, 424auoow, 425gloxe, 425kplks, 425imuxa, 
425hwjgk, 425vfime, 425nmabc, 425yhnme, 425tzwfj, 425qnxkk, 426ytija, 426tefbs, 426lrhns, 427jmcxa, 
427iqzex, 427junie, 427xgais, 428abyhe, 428ruxyh, 428qjvsg, 428wczxh, 428ygblr, 429ilxkt, 429rkwqt, 
430chnah, 430wsqsm, 430zqoan, 430vywzm, 431njxmt, 431sefqu, 431asdnu, 431klmcd, 431ybtpd, 431jmefn, 
431qswpe, 432rjiyz, 433eythl, 433otzcw, 433cdzys, 433dhehm, 433uzgsq, 433kkzvi, 433ybjrj, 434whcvk, 
434aynay, 434hfhno, 434vhnba, 434dnmek, 434wcmfv, 434xcdzx, 434pcxec, 435vljcy, 435xzika, 435ipowt, 
435ysxmy, 435sjcxl, 435zmnzq, 435rudaz, 435cxymj, 436bwars, 436trkse, 436kknok, 436yoynn, 437rejue, 
437kydlk, 437omgod, 438ajwnb, 438azooo, 439yocyc, 439rpgck, 439nnisa, 439vhmdv, 440refnr, 440iqqwe, 
440ewuiv, 440wzkfe, 440wurfm, 440rctff, 441ryjwn, 441agdtd, 441jxzei, 441wcjhh, 441ndbgk, 442qzmjg, 
442sceda, 442ughxz, 442kjyln, 442iipsr, 443zfwco, 443hunvg, 443upiat, 443jubqs, 443acdap, 443qjzhd, 
444siipn, 444wyhmv, 444nglwg, 444ghbhx, 444vjbyl, 444sqwsz, 444zmiib, 444vgbes, 445xsako, 445hsvkb, 
445uhmxh, 445xpzuj, 445yvwif, 445zdmbi, 446gachk, 446sqepc, 446fjjri, 446soxrk, 446jpgfy, 446nedzh, 
446nihpr, 446thhxw, 447jchuv, 447pmmpd, 447yyugf, 447sulyv, 447tldad, 447uwkdt, 447jmysi, 447tkufz, 
448zgzum, 448emgpk, 448ckyhl, 448bcjnf, 448cwucp, 448cwbzd, 448ayjbs, 449yfhew, 449tihrq, 449uusdi, 
449zhevk, 449vyiwx, 449nyxzz, 449qxgzd, 449fsmmm, 449cigun, 449ovuvr, 449gsrqr, 449oerld, 450rdczc, 
450fexrs, 450jtcrp, 450pinmd, 451euxvl, 451qlpiy, 451ubeyc, 451gdhfx, 451bosei, 451ivqvh, 451vbcuy, 
452nljev, 452jyyny, 452awbjb, 452ylstr, 452abmsy, 452wnbyh, 453znukt, 453rttpj, 453rsfsb, 453itoam, 
453hcpuw, 453pqjqq, 454tpfpb, 454yhury, 454fiqkc, 454uvvkx, 454jsaym, 454wpeif, 455wdwbu, 455xbbus, 
455czasm, 456eohaz, 456gltgk, 457ffblp, 457hjudk, 457odlsx, 457fuyho, 457mldvn, 458eczxk, 458lermr, 
458gtaaz, 459mpczh, 459bedbl, 459roywj, 459manlz, 459ywdpk, 459uyeuy, 459fgpjf, 459ymlbn, 459yvdxr, 
459pjscw, 459tauxs, 459etqko, 460qpwgy, 460egkrk, 460aqfdp, 460wsaqv, 461wkxsj, 462pwcfh, 462swyre, 
462zxklo, 462ulebp, 463vyjvq, 463gtcel, 463ltkqb, 463tizrz, 464dqwpc, 464nmprp, 464enpqk, 464gweka, 
464pwwzm, 464zswam, 465yfcuu, 465ghiwb, 465ycqns, 465avrgg, 466twerx, 466sqsos, 466emxij, 466srscn, 
466vcrls, 466mopdu, 466vwsbq, 466stimk, 466bqwya, 467hsrav, 467gvzyj, 467rkzjp, 467venqi, 467dibmu, 
467nnmml, 467otggv, 467borcm, 469cwybf, 469pwldm, 469tiwxu, 469skjgw, 469xvsdd, 469ngrgi, 469eieel, 
469jukvz, 469yqhvn, 469cpyny, 470wkton, 470wetpk, 471evvia, 471iuwsr, 473vrheo, 474vifvw, 474dtgyk, 
474wworm, 474avhvg, 474jecfy, 474tcpah, 474fxpls, 474nqmup, 474wslml, 475xmjhi, 475pqory, 475mmcem, 
476llkby, 476eorsk, 476gqetc, 476qtrza, 476bqspj, 477qdvvj, 477jgxtj, 478vaamu, 478mulro, 478pjhii, 
478jjaby, 479jueep, 479pnvmj, 479hklhy, 480ftvsk, 480jktss, 480ddcde, 480coais, 480ryipm, 480twygd, 
480znwui, 481hfscz, 481micql, 481itcjd, 481wadep, 481qzlqh, 482qpvnj, 482dwoxy, 482njira, 483wavyl, 
483auleb, 483dwcqm, 483khefu, 483niqef, 483qtqzn, 484qxnnv, 484yoplu, 484qoqvh, 484efoik, 484kyuce, 
485zuzpv, 485miszx, 485nznfl, 485hxbzs, 485iexyo, 486hiobk, 486ucfuu, 486cievk, 486bijrn, 486wynya, 
486fggdf, 486umplq, 487cfsjb, 487mlksg, 487wurfl, 488gcltc, 488lzitc, 488poqhb, 488gjizs, 489kndwi, 
489mscdz, 489pldcf, 489fqeqj, 489ifzao, 489chxli, 490rxxvv, 490fjnjo, 490oyzsd, 490exvkn, 490euvgv, 
490jieht, 491mysjv, 491npgcy, 491urzuj, 491eagzn, 491ufjpl, 492gywkh, 492ryiki, 492fxzma, 492zgrac, 
492cedid, 492sclbt, 492wksuu, 492bmvjw, 492fpved, 492xfjqg, 493mskrd, 493qlfbo, 493bzytu, 493vwgqi, 
493evxzb, 493azglr, 493mzkzs, 493npduq, 493uvpsq, 494jnprf, 494xvcwx, 494dwykj, 495pylbx, 495dqojl, 
495gdiyx, 495bjnqb, 495snyvj, 495vyhtk, 495qllbm, 496khdzq, 496qhvyf, 496sbpfr, 496qyeov, 497pmvwh, 
497ipsts, 497hfzke, 497rcomc, 497theim, 497xamcr, 497jtdfs, 497mnhfi, 498bonby, 498uucij, 498ebqkm, 
498eimtm, 498defij, 498xvyga, 499gioul, 499oqfsy, 499qybgj, 499nntai, 499ffmmo, 499ymjwu, 499lfcbz, 
499prrvl, 500pljqu, 500ugjni, 500tunfj, 500ddxoc, 500rbhwc, 500ilvzi, 500iqwsg, 501qmobc, 501wuykb, 
501jphge, 501jafqw, 501kyhhx, 501qqnmi, 502vewkh, 502aidbs, 502ekklr, 502owttm, 502pfmwn, 502jofyc, 
502pwgni, 502noqsr, 502lxbvk, 502ujhne, 503vcmib, 503ztres, 503uvoai, 504yqwok, 504pzhru, 504unfdb, 
504kyfwg, 504ixaad, 505uuykw, 505giofw, 506zuwin, 506scbyf, 506ckgji, 506msfos, 506kkoiu, 507kqcbv, 
507baszi, 508frnir, 508smdaw, 508lpqsd, 508icqym, 508kifpl, 508cqlur, 509wckjk, 509cdxhe, 509tttjn, 
510ytsot, 510ezdlq, 510poiai, 510zwmjf, 510xnjuv, 510ppqia, 511dgvvx, 511ocwrp, 511ogdwj, 511mvfag, 
511nxwyt, 511tnilx, 511koffm, 511ctqan, 511fotjk, 511cxhkx, 511qxxov, 512qhkbs, 512hlimr, 512wrmor, 
512zwivf, 513uzeel, 513duick, 513ftrru, 513lafvp, 513ysgni, 513zoehj, 513lclpg, 514wvchx, 514mosfg, 
514osgun, 514vuhdh, 514qdyuk, 514jgoux, 515utuya, 515umqmr, 515wblfx, 515zctig, 515dajbx, 515vkfkh, 
516egazf, 516cvrsj, 516lrmwy, 517lxafi, 517ikitl, 517fpvkb, 518epheq, 518oglgb, 518utsjp, 518supsz, 
518xdjfw, 519wnnux, 519qyoyd, 519goltu, 519mqpgz, 519fytut, 520vrwgy, 520udlkx, 520laxba, 520aipod, 
520lctbl, 520sgloc, 520gjvep, 520tzuhj, 521tslrt, 521mtdbh, 521hmmcn, 521xvvkl, 521zruuv, 521lqugx, 
521fzrrq, 522kdmqe, 522tzshb, 522ieydr, 522jdifz, 522drpaz, 522ohafy, 523rsdfi, 523jyhci, 523kkojp, 
523fsuny, 523utrlt, 524qaaqh, 524bjzgo, 524hqpqu, 524xbglm, 525xrese, 526eozvz, 526slbvc, 526jynie, 
527cswrk, 527sqnab, 527zysgq, 527zkeai, 527fvthq, 528xsqnc, 528wputi, 528hnyuo, 528bwmwe, 528evokx, 
528ypssy, 528irqae, 529vxvps, 529fyfdv, 529thrfd, 529vjalv, 529xklqe, 529laxeb, 529ezybq, 530shpxm, 
530krtdy, 531wykwl, 531fuxsm, 531demdi, 531nhjnk, 531zfrof, 531gawzd, 531wydiu, 532roqoi, 532cumrx, 
532wggfu, 532qhbkx, 532gqyer, 532bbphj, 533myzcm, 533ihiwa, 533htgna, 533agjcs, 533hkkfp, 533bisrp, 
533bdndh, 533cnqmj, 534quexj, 534fxpqb, 534jxote, 534dvnvo, 534eyrsd, 535ywqri, 535ahcee, 535mledc, 
535hnbvg, 536gydtv, 536rxukr, 536zlnqc, 536yqjaw, 536ookus, 536obhpx, 536nvxtq, 537tkopx, 537hoixe, 
537kvwtv, 537vjkff, 537evhlk, 537gaidt, 538ywgon, 538dyclv, 538ixqfs, 539ncezj, 539jdeso, 540qyrae, 
540kbcsr, 540qxpsk, 540kahch, 540aqjgp, 541sptyk, 541jpkap, 541onsrf, 541khfzb, 541pmdxo, 541lzewh, 
541wrypp, 541iagtd, 541yhqqa, 542xahcc, 542ksoor, 543cbsjx, 543zfqxw, 544igwob, 544boirh, 544jphst, 
544ldlzt, 544ecuwl, 544tvskt, 544osbmi, 544coxkh, 545gvypq, 545sbvfa, 545okeig, 545rbcjn, 545xzfym, 
545oacnm, 545jvkik, 545aalxh, 546mlrqt, 546aiwcr, 546kbrrz, 546fhzhw, 546nsrxa, 546czcnw, 546kzhds, 
546cdcbh, 546tlime, 546htmic, 547iwvat, 547xetcr, 547pmtzr, 547nbvpc, 547ckpnz, 548uusgd, 548vqbsq, 
548upwpt, 548ofhje, 548zwhwl, 548mavbn, 549uvkpd, 549pmuqe, 549mmvjc, 549pzjwk, 550nxgwt, 550tiuok, 
550hlhtc, 550niojy, 550uxlri, 550nihwh, 550rlezj, 550yssuj, 551edulx, 551wafmj, 551gihrz, 551pgize, 
551rsrvs, 552avmsr, 552vwvrk, 552upmbb, 552whlfa, 552lwgvv, 553mmqdh, 553kefwy, 553wuxrl, 553hndvp, 
554erwsw, 554zdvhy, 554qumiz, 554vsdar, 554exlbq, 554ykgbf, 554vizta, 555vsfqa, 555fjurt, 555tmozp, 
555fdosg, 555esqmu, 555xhewb, 556gutlm, 556tqxnh, 556rjvfi, 556kmnye, 556tfylr, 557sibyf, 557cezvp, 
557nrhlg, 557qcpmh, 558zyvmx, 558zhexs, 558xsbys, 558iaxjy, 558owrwh, 559xmlpa, 559uozpd, 559yqmcq, 
559fzkia, 559cscbb, 559cqzto, 560hrcui, 561dpyee, 561bcvqe, 561lvfvf, 561hxxkz, 562ymrxg, 562hgzjb, 
562hoqhs, 562ulurb, 562acwiz, 563bpzaz, 563ayorx, 563uaevl, 564heaxl, 564stwpn, 564zrpvz, 564ryrqy, 
565qqyej, 565walcv, 565wjbwi, 565nrbli, 565qlzgi, 565zzjsp, 566jihip, 566sgrdi, 566pzrqw, 566bfper, 
566xvewd, 567mxcvp, 567thaap, 567ruvix, 567fzwyq, 567uzxjd, 568oiyuf, 568bhefe, 568uynwa, 568cnuzx, 
568tgxse, 569pmdmy, 569jdgjx, 569nngss, 569nmtak, 569vfzse, 569wllvd, 569rmsxz, 570qgeyr, 570bmeke, 
570zxsuz, 570cpebh, 570lzvwx, 571ypjqm, 571iiumh, 571mqtsa, 571zrzrn, 572yvddy, 572moxhm, 572uibga, 
572qojkd, 573swvnp, 573xmiwd, 573wwabb, 573yprxx, 573duhha, 574hxosj, 574tkgqx, 574xnjhl, 574ofkog, 
574lowdm, 574vigcr, 574glqwe, 575asoii, 575mfyxo, 575lmuvc, 575ahtym, 576fvwlx, 576otjgr, 577ngjdq, 
577upxsp, 577mddgb, 577hiiah, 577wfess, 577cinnp, 577fcvof, 578mixjc, 578mxird, 578jyotz, 579xpgbj, 
579zdsos, 579htuei, 580cssze, 580xnbfg, 580hqevl, 580fsamt, 580lnzdb, 581rmvot, 581fqlzr, 581pwetb, 
582katqv, 582ewngk, 582isxhx, 582azmxn, 582fcdsc, 582ukyad, 582cmdxe, 582accpi, 583mxclf, 583cmgoj, 
583vvoan, 583swxqw, 584cukhu, 584ohwry, 584gfyjr, 584fnflb, 584ogyei, 584lwelp, 584cnlmx, 584fcgbv, 
584fkbdv, 584uiizv, 585lpdju, 585lwsph, 586htxtf, 586uajac, 586hhmkk, 586jeurf, 586pcusl, 586qfhjw, 
586rspol, 587wkmgm, 587qnuez, 587gndde, 587isien, 588tvuag, 588rrygh, 588kdryl, 588gqaaw, 588zijcl, 
588pmgxq, 588vsnps, 588tgmsp, 589veupe, 589fvufx, 589qghbk, 589tswbp, 589owjcl, 590dxupp, 590lnvfc, 
590zmzvr, 590wnzdo, 591jyihz, 591zvxiz, 591lmzhd, 591qsqmz, 592ulltj, 592erwdx, 592nmxvv, 592xvqwd, 
592shpto, 592tjilv, 592hgjsb, 593swtoz, 593sdnpz, 593ioubl, 593xvspo, 593jkxtv, 594vbdev, 594hwsam, 
594tusjj, 594rrylu, 594jkpdb, 594foldi, 595jyloe, 595gvcax, 595qurif, 595dzwbm, 597tkzkp, 597cqeqv, 
597mzvxp, 597zfndg, 597mtcgc, 597hjbfk, 598qywpj, 598lrbrh, 598wfite, 598askpv, 598qbquj, 598sbuwg, 
599gmhcd, 599qqwtj, 599gppoi, 599tqcdf, 599zvjrp, 599ukspg, 600zvsga, 600xystr, 601bziqq, 601skiwp, 
601qxnzo, 601cvyxk, 601gwiae, 601ixeat, 601xbsfu, 602kzetv, 602vjuik, 602inhjk, 602spiaq, 602okpsk, 
602irndw, 602hnxni, 602ujtot, 602fygnj, 603shzah, 603rotii, 603drzsw, 604xalun, 604uqype, 604svfai, 
604otppv, 604yikrr, 604uwkuo, 605grqro, 605gneed, 605lyysz, 605iiszy, 606nxgzq, 606xuohq, 606epjvj, 
606zbwgh, 607ztgzl, 607hjtzi, 607tohaq, 608zzmnj, 609esynp, 609hpsgv, 609zhohh, 609boswp, 609bqgis, 
609wkrkx, 610corbd, 611gksas, 611paadj, 611jgybd, 611pevvn, 611ntzgd, 611wjtqm, 612zwytz, 613rjzro, 
613kcvid, 613ayixv, 614xkpwq, 614uubok, 615nnjmi, 615idrjw, 615gtyde, 615dfenc, 615zmook, 616ejfiz, 
616rvoah, 616wimqt, 616iynib, 617roixb, 617mwoan, 617ygyfo, 617xxknx, 618tligb, 618bqzoz, 618chnkg, 
619qwdey, 619sffqk, 619tphfe, 619hzppf, 619rqvqh, 619wvqlf, 619xceci, 619eupjm, 619afdjk, 619hqjwh, 
619qpaog, 620hkbzy, 620iycoa, 620ktwae, 620icjln, 620wuefr, 621nwink, 621owwrw, 622wcuys, 622xlntn, 
622ucrdp, 622ezmkh, 622dyfnl, 622rcinv, 622gmzak, 623uxvhr, 623kbvbh, 623mgiyq, 623pdour, 623clvkb, 
624sqnss, 624zosxv, 624lhzil, 625iurqv, 625jiyye, 625rasmm, 625tfeiz, 625wjnqg, 625kbqlj, 625btguk, 
626bdszd, 626yrfqf, 626tlmxv, 626nwfcm, 627nnqdy, 627bgsha, 628eigyk, 628jwdrn, 628kkyxi, 628wmebp, 
628soeku, 628emayt, 628dcejc, 628quzvl, 628ofwoe, 628ekrkl, 628iecmp, 628wqbyp, 628wdrcm, 628uujvp, 
628ujxqz, 629bwkui, 629xcnzo, 629exhhy, 630wfbpi, 630qlcbg, 630uvrro, 630rumdp, 630vatkc, 631iqbpx, 
631zncdc, 631mvorw, 631wltqe, 632jjywm, 632ntojf, 632srvui, 632svvwa, 632zjxpc, 633vonpe, 633raprw, 
633dhrrq, 633wmjrg, 633rldoi, 633eptdf, 634vzvkq, 634bdqqu, 634ntdgm, 634tdycw, 634gvikl, 634sqdlt, 
634kiufu, 635kgxbw, 635tqrxw, 635fszex, 635wmugy, 636gyqll, 636kvtea, 636nrims, 636gfixe, 636gcxii, 
637wgxqm, 637vykmj, 637xyeqe, 637gfvor, 637puyxt, 638fgwco, 638gaudq, 639gbpsn, 639aplhh, 639rnone, 
640hcafc, 640ukiso, 641yyose, 641hahys, 641uyjhh, 641syxgn, 641bnsbs, 641wvfgp, 641veqkw, 642utybr, 
642qxpbg, 642ztgwz, 642uxmoa, 642gkwnq, 642ljubv, 642sxoqa, 642fixwj, 642fvemr, 643diqrw, 643rzipp, 
643ycaug, 643vodlg, 643gsofo, 643zlmdx, 643fihwb, 643dpcle, 643rlirh, 643ooxuz, 643darrf, 644issux, 
644rbfyz, 644idqko, 645ucbdt, 645ktihn, 645jkpbd, 645xlxpf, 645ujibh, 646kjlau, 646bvyfa, 647tpvdz, 
647jnlyq, 647rxbon, 647ilwqm, 647fawqb, 648suyqz, 648alovp, 648pgebh, 649usevi, 649tftrv, 649gxyep, 
649byjbq, 649idbza, 650qojur, 650qqlwn, 650ussnj, 650qvioz, 650yrzhu, 651pszrr, 651zjhig, 651zawkz, 
652kercu, 652csrli, 652tlbss, 652xikwz, 652dykli, 652qmlpw, 652kzddd, 653zhyqs, 653ijfmc, 653ajkmi, 
653lqgxd, 653oopbd, 653lleqq, 653jpyhg, 654sspye, 654typfk, 654zqcfo, 654fweux, 654jglny, 654bwobg, 
654uuylu, 654efsvk, 654evdhc, 654tmyzh, 655yiplx, 655notdq, 655bxkbl, 655ehsyd, 655ccahj, 655ccydb, 
655hblyo, 655incer, 656sfqej, 656bkqvi, 656vynvh, 656yymwb, 657pfebd, 657sjtwp, 657kpxcv, 657gggyb, 
657qubdp, 657jcnva, 658qmiwn, 658lozel, 658oqcnt, 659xtzdu, 659auocz, 659fnbtk, 659elwmi, 659kzylg, 
660lzynp, 660rnisq, 660cvmsz, 660mympt, 660yveuj, 660ogjnr, 660rytpo, 660ijbsb, 660txwgr, 660vupjl, 
661ihjpc, 661sfkbs, 661cutxk, 661hhtiz, 661udytl, 662qqhha, 662tshch, 662lwowa, 662haucz, 662ejgzt, 
663hwwip, 663iahph, 663hkzro, 663ienxa, 663nechg, 664dorln, 664mvjid, 664asdik, 664krwmi, 664nunar, 
665pnxuw, 665dxkwl, 665aiglt, 665jonoy, 666xapwm, 666ajhnj, 666yewya, 666sdyfa, 667lhirs, 667dcgrs, 
668gqswm, 668fwvol, 668eorcm, 668svqsc, 668qdjau, 669dgwmx, 669osnio, 669apmxd, 669xcupe, 669gjbyb, 
669dqeot, 669aszye, 669ymwlw, 669lnmzl, 669rxplo, 669vuzxu, 669aclgt, 670eglde, 670pbsno, 670oaeca, 
671ruzgh, 671pddoa, 671yqflw, 671ypclu, 671gcxyp, 671noqrr, 671sknrq, 671wiucw, 671wcmdn, 672kdemo, 
672yuqxs, 672ikiye, 672bqooj, 672hnrdp, 673pbtdf, 673gnkkz, 673zktrh, 673nztxz, 674zzron, 674axcta, 
674tidml, 674isave, 674buown, 675xjnrj, 675mqigg, 675xgfac, 676htmlg, 676avaaq, 676fckty, 676ytknm, 
676tbcbh, 676laqqa, 676sywel, 678eegef, 678xljjh, 678hjatw, 679mmyqp, 679fdqvu, 679spuqu, 679huanb, 
679fkmow, 679tyftr, 679chgcy, 679vjbnh, 680xiwty, 680savto, 680waair, 680wepcz, 680ighok, 681fmtiz, 
681cghzz, 681itcdm, 681qbnsj, 682erpvt, 682pdbwu, 682lbggl, 682fjrpi, 682tzbvc, 682qndfh, 682olyeg, 
682tvlur, 683hhuno, 683fvxzk, 683hsjkp, 683naesh, 684lgskm, 684adhma, 684athwj, 684vceub, 684qbvbm, 
684mooqg, 685wboon, 685dptmd, 685tnycl, 686hanlu, 686qbwnc, 686izsyp, 686autpj, 686guabg, 686duvbz, 
687hjzww, 687tnara, 687cbaxa, 687rxuko, 687frifs, 687pipmm, 689qtxpq, 689tkftc, 689fydhv, 690dzsaj, 
690jfcrl, 690xgvov, 692jeogt, 692gaflt, 692hrtla, 692oqbjq, 692lswpj, 692jmsga, 693nqgdw, 693bkyhv, 
693uoonb, 693pesqn, 694kdhiv, 695srhma, 695kbqqf, 695oupnb, 695mhpbu, 695rsylk, 695nvque, 695lpxub, 
696xednx, 696ierzr, 696snyjo, 696ucitn, 696villf, 697rwuoq, 697vmxab, 698wifnj, 698yhxws, 698ntvwo, 
698krwve, 698bmcvd, 698strrt, 699unecc, 699najmz, 699caszy, 699gjrcf, 699vgtxd, 700wrwpl, 700skywm, 
700blmma, 700lqcdp, 701ajbto, 701iqubp, 701zaiyp, 701tqbso, 701nvzaj, 701bnadr, 702rfcsa, 702saqoe, 
702hogqm, 702xjczd, 702soato, 702kvemy, 702xdgzy, 703guaxi, 704geyow, 704kmion, 704lgbma, 704swxwi, 
704xtndu, 704lkooj, 705zupxj, 705mkxua, 705khjnt, 705jfrid, 705bfyrj, 706tevjs, 706einti, 706yhsvd, 
706shlbu, 706gmcau, 707fdceu, 707lzzgi, 707rmtgf, 707bepvz, 708snidr, 708dmffm, 708cmpes, 708krrlz, 
708cclvj, 709qwphr, 709ragzf, 709zctfj, 709fjyxp, 709qjgku, 710fmyqh, 710jifzq, 710yqser, 711zgwtn, 
711fywfx, 712lygti, 712cywbq, 712fmakl, 712qidko, 712vkurd, 712hydfe, 712bsejl, 713molkr, 713dpdeb, 
713pwluh, 713zprwi, 713ufjzl, 714naftm, 714thagr, 714rkiuo, 714jlmug, 714ttxmr, 715iixri, 715kgkpz, 
716wigyp, 716xrbfm, 716rqzdk, 716hzfhn, 716xpwwg, 716ggoqx, 716npitp, 716zshaz, 717vrpuw, 717bexil, 
717lfahd, 717ipjwh, 717jlwrg, 717oqavs, 717zslqm, 718htsfb, 718dsjfb, 718mpqyn, 718xhywy, 718gkqgh, 
718ihztz, 718ncsgj, 719ulbdr, 719criup, 719wsywo, 719yfaol, 719hytgr, 719stwnz, 720fhnjm, 720enfoi, 
721vmcvj, 721suosk, 722bzjwh, 722crcye, 722egnrp, 722zxcgl, 722kdymz, 722jetxy, 722daxox, 722grojr, 
722snxfe, 723mgbro, 723obsmq, 723rvumu, 723vpvug, 723ubxik, 723qczoj, 723fcrit, 723fwxxl, 724nqgjc, 
724deuaz, 724aucze, 724opinf, 724tuimc, 724draar, 725lphuz, 726kzfgz, 726ggvif, 726bwwll, 726cefmq, 
726jpjkq, 727cxhkt, 727iwsoc, 727rwkof, 727ppdna, 727rpgwb, 728yiriu, 729jkrqw, 729lzudp, 730yxlin, 
730szdyn, 730fpeon, 730gmvzw, 730pijja, 730fubcz, 731qayel, 731mymrw, 731byngo, 732bmbwl, 732zovix, 
732vqrxs, 732sputt, 733hfuuy, 733qvyeb, 733nfpqd, 733cprxa, 733otqhq, 734kchev, 734bmcvi, 734cnfat, 
734hpyyf, 734ebxvy, 734xmtpt, 734lzvtf, 735swtwr, 735bygjz, 735asoaq, 736wetvc, 736ssonj, 737jzkhu, 
737pzqlw, 737jowpx, 737xrpos, 737gkyzf, 737atzqh, 738iaish, 738cjiuu, 738gdjdu, 739gcmwq, 739geaef, 
739hfziv, 739isxsm, 740gwwpq, 740sxvdc, 740pkfbi, 740vhoyo, 740thvuq, 740seiqw, 740xwutn, 741knnfr, 
741pxdwa, 741lukbs, 741yuztr, 741rlvcd, 742uzcou, 742pbhei, 742ywfbs, 742iomsp, 742gsmin, 742fzyad, 
742ewcgl, 742wxoec, 743weyei, 743qmyfg, 743qlaev, 744njvnj, 744aridx, 745tzvjf, 745xfmxl, 745wpzuu, 
745hmihq, 746duzai, 746lbbtg, 746zohwx, 746ntebq, 746sxhrt, 747czgmi, 747wpdws, 747njvqc, 747bpsil, 
747rxgvy, 747ypxgj, 747rkkxw, 748stnxr, 748hmacd, 748efuwo, 748inlol, 748mpcjx, 748lahvz, 748fotun, 
749mcape, 749dtkxs, 749afhnw, 749uznxl, 750kiltg, 750nauiu, 750huwjj, 751dmfpm, 751xptec, 751pzeey, 
751pogcj, 751opjix, 752gsucd, 752fhskw, 753ehnzo, 753srpwv, 753pnmxp, 753vmhhw, 753enqar, 753ugzmq, 
754xsanr, 754qfkhd, 755gwqst, 755fpfow, 755ctlsv, 755fmbga, 755udsuq, 755mkxwr, 756aepsw, 756iaooo, 
757mqhak, 757ffxgl, 757zaouw, 757hgige, 757bjjqb, 757hzbxn, 758qkfzk, 759pepol, 759aonqi, 759kzqsg, 
759uupfk, 760qpjum, 760ykwdl, 760gtqxh, 760dzxsq, 760fcrvx, 760xstox, 761dhmpb, 761bpnxt, 761ygoof, 
761xtfvm, 761vaqmy, 761nmqga, 761pmhed, 761kfsxe, 762nwkdm, 762qbgvy, 762ssakg, 762yysqe, 762vgsek, 
762vproo, 763vdkih, 763xakfx, 763izpkj, 763xjjsb, 763onjit, 763vekmu, 763zkxls, 763gksqp, 763paqgl, 
764adwjv, 764xzkhi, 764gcoqr, 764kpbhd, 764tqnlg, 765dchvi, 765sxnoh, 765lnivu, 765sdziu, 765qslrc, 
765omscz, 765ahbje, 765ldcyt, 765ljhth, 765dokcy, 765gursn, 766vizpm, 766ypvbz, 766amccl, 766wnwfi, 
767diyqn, 767xwhqq, 767xlzwa, 767nxrjy, 767qlnvn, 767atcwy, 767mcils, 768vkqfa, 768hcniy, 768nxxei, 
768yxtlu, 768innkj, 769nznvk, 769hruyw, 770whyjp, 770yyoye, 770xwbqj, 771xzwkl, 771fxkvt, 771wcmsc, 
771iojix, 771aivpi, 771cmede, 771nbfjn, 772trnfo, 772gcquw, 772veleo, 773khwiw, 773fkklp, 773qbswm, 
774grdtw, 774tbamx, 774xhbil, 774pusnc, 775quocg, 775ethwr, 775teizz, 775gschg, 776zenco, 776zrktf, 
776nmzdo, 776hjjqg, 777akmkl, 777orfqy, 777msezu, 778saocw, 778vriux, 778yegiu, 778oigbv, 778rrmzj, 
778knbqo, 778ykpmm, 779lhgvd, 779fthlb, 779camid, 780hcwvd, 780ffqhx, 780ehhtv, 780vgebd, 781hixru, 
781avwof, 781bxhxs, 782kczal, 782whsdc, 782pzjtc, 782odlnw, 782horde, 782wecgd, 783usfuv, 783tscnw, 
783edvpy, 783zebkr, 783xthow, 783mncot, 784hklng, 784gizkv, 784vpyse, 784xtkae, 784cyzlo, 784wxdan, 
784yiakx, 785gsffd, 785ccubw, 785aaqlc, 785wpcva, 786ttawu, 786nveph, 786dwbkd, 787emgap, 787ebruo, 
787usdwo, 788fphfo, 788dvjjk, 788sogty, 788kalsa, 788aydsv, 788rmnuk, 789baclh, 789qqcbc, 789ntqto, 
789pfocz, 789rcauw, 790vmkii, 790vmizz, 790srrus, 790thnmd, 791ddksf, 791mjhmd, 791ehrop, 791aldkk, 
791ccbux, 792vpgkb, 792jqewi, 792jittu, 792yxbqn, 792ssbwc, 792lyhpu, 793gmkmz, 793lypsu, 793zbesu, 
793yqtbi, 793jvakr, 793fxsoo, 793mudyi, 794cmgte, 794cshgm, 794ceexh, 794pidrs, 794wwsqm, 794gdgld, 
795pppxi, 795tacbg, 795qfnve, 795wknzb, 795hyazo, 795mitvv, 795xmlmj, 795tilyj, 796soqhl, 796udvjf, 
796zrdbs, 796rpclk, 796ykyjw, 796iegte, 796rnthw, 796eeacn, 796hdgme, 796bdtfq, 797gfceq, 797boxhi, 
797bzxwi, 797ubmwf, 797cdikp, 797onujt, 798npypw, 799rskoa, 799upbsm, 799jopyk, 799uapem, 799gsaab, 
799vptvh, 799pmzza, 799busco, 800gocvm, 800orodx, 800ajrcl, 800uxdnt, 801kcfle, 801ipaat, 801oihsf, 
801tgwjj, 801vkumo, 801hgmku, 801fwymk, 801euzew, 801sueam, 802lvuhf, 802ferzq, 803fjxtt, 803taqtn, 
803cyjbe, 803itbov, 803natkj, 803apotr, 803eaadu, 803tyulu, 804jnutq, 804ydmzr, 804hprcb, 804bcqpv, 
805jvwjb, 805sfzms, 805tyipt, 805yowkp, 806nugfw, 806hibaz, 806wjuut, 806xmaxb, 806ssbai, 806uzyql, 
806pdfwk, 806efuff, 806tdpqy, 807inmim, 807pchqd, 807rkerc, 807pggve, 807sbkpg, 808pkjea, 808joqwy, 
808elbne, 808geqkx, 808tbgby, 808ktzuk, 809fmvrq, 809xahnw, 809fukih, 809qooga, 810nzeta, 810cewea, 
810glmbc, 810fzdmo, 810btknc, 810udskm, 811vxlzr, 811mdxkj, 811xqvms, 811xttch, 811jgauv, 811eobxy, 
811nuxyt, 811omynw, 812ilndz, 812hcsch, 812zlnbh, 812kgxlf, 812xyzvz, 812ulluz, 813kcmxh, 813lgmfk, 
813tgxih, 813fspcg, 814wcevx, 814drirm, 814jbova, 814ygikn, 814sftpp, 814dwjuz, 814prbuo, 815azgkq, 
815uurip, 815tiybu, 816ntzjl, 816qmhai, 816ipbjl, 816qlnyw, 816dssxc, 816hqlhu, 817hvpje, 817azsiz, 
818aqrec, 818eunrs, 818lvmdu, 818onmbw, 818ijrys, 819xyrpg, 819tszmw, 819bqsqi, 819mefyj, 819bmynq, 
819vwzou, 819tmumb, 819dhvct, 819tfklx, 820uxdzv, 820naklp, 820ainbx, 820jujeg, 820mhoil, 821jbqtp, 
821pnmto, 821kgout, 822gwctx, 822zftil, 822zwspg, 822fzkxu, 823zmklf, 823yxnpt, 824hvplq, 824omvhu, 
824gjsay, 824zhzje, 825uitgv, 825yetot, 825mxqei, 826jsuga, 826qpjir, 826jhzls, 826dhawn, 827wxrrn, 
827nfkdl, 827umeqv, 827ggkrq, 827baaal, 828sgsve, 828ftbzk, 828qmrar, 828dugjk, 828bpslg, 829lminp, 
829wfvqc, 829zyvdz, 829htlzw, 829eeqkn, 829dnexa, 830mknwx, 830csfzl, 830hyjdd, 830imxvn, 830tzrlm, 
830gqbmq, 831cyarx, 831avpfu, 831coulr, 831yvgxs, 831tsulf, 831ityjg, 831olgqc, 831dqzvx, 832txmql, 
832fqglp, 832bfhvs, 832odlom, 833tcacv, 833eflea, 833lzaxp, 833lcftq, 833uuxdp, 833puuci, 834jwljy, 
834ipfvv, 834igvid, 834kviso, 834amlxs, 835ammxq, 835ugohr, 835opgul, 835cetzm, 835xjjhb, 835xjqig, 
836kluwk, 836ksqza, 837hnrpj, 837etnys, 838bxekg, 838hkpxu, 838vjhrf, 838rbyjc, 838assri, 838dydrw, 
838wutah, 839bjtqj, 839nnsve, 839yohyy, 839kyqer, 839ahpga, 839ncvie, 839cjpvz, 839ykmrh, 840srwap, 
840wkpoq, 840irxax, 840ynbtw, 840hxfwu, 840hvevo, 840oofmo, 840wiany, 841qvpnx, 842ollrg, 842jyfqv, 
842zxsgt, 842gwjni, 842xjsxy, 842qntic, 843rwqeq, 843wnocf, 843lddfl, 843ynhha, 843pgljd, 843jasfk, 
843wyimc, 843ylrnp, 844waubg, 844gbtpi, 845uhqhq, 845ttqny, 845cmwly, 845ajlty, 845apzvt, 845fduas, 
845fwzve, 846qrxie, 846xlsty, 846rvheo, 847iffhc, 847yohvo, 847zalbv, 847rtmqb, 847tnoli, 848oedwj, 
848tgqyn, 848uzdbu, 848tcwgd, 849rxygn, 849czaqm, 849iftnd, 849eglwh, 849aqgdt, 849cwxyd, 850dpcbx, 
850sdyuw, 850lddgs, 850ikztg, 850gtyow, 850tsuqq, 850zthev, 851fwadq, 851wqvzw, 851ojipc, 851oxvmn, 
851thfqy, 851vprcv, 851ojrpp, 851knhfp, 852evymk, 852bdjyr, 852wszbi, 852xyzqd, 852vhmoy, 852dyllg, 
853crbbf, 853oeizc, 853cwwbz, 853eaags, 853ddzrr, 853xvqli, 854ynzzq, 854epupp, 854zrnvu, 854mcwmk, 
854ornoj, 854elgwy, 854oumpw, 855evlbm, 855cadpx, 855zezvs, 855lkkyy, 855vdlbb, 856mryai, 856uedff, 
856skhvz, 856fxdgs, 856yseiq, 857edvqg, 857xezve, 857jrioy, 857qgixc, 857icbnj, 858vlbav, 858teapw, 
858ioahl, 858eqcpf, 858cflle, 859pvhsi, 859sowvo, 859rossf, 860rcvrk, 860gyckp, 860jnwxa, 861aovjh, 
861fbvdy, 861lvpfp, 861uwrqq, 862dyqil, 862frybq, 862adfvn, 862mcqjg, 862pwdeb, 863uaanq, 863qrrib, 
863cnscq, 863lctqz, 863iebzp, 864hqlmu, 864mgwow, 864pepgo, 864qibkk, 864tvopl, 865nxroy, 865gyorm, 
865kgvhw, 865rwdgc, 865rwmtg, 866yoemd, 866pbdjr, 866bprqj, 866ecrzj, 866nqhqw, 866liuxd, 867cxrgl, 
867xwmaf, 867ebwvt, 867fzwya, 867hmqpe, 867oamia, 867plxjt, 868jgpxg, 868wbjvx, 868dcyzb, 868zgprx, 
869tiaiq, 869azdzi, 869xkqoi, 869ynjik, 869ilmjm, 869pkugd, 870ualuk, 870ewjjv, 871uigkx, 871qjmzt, 
871ykgmv, 871ucfoi, 871ikkue, 871uaaej, 871yysek, 871rutfv, 872odhup, 872cothf, 872espoo, 872wjowp, 
872zwpra, 872zkwvp, 872ujudg, 873mgufp, 873zjhry, 873vnjll, 873alipe, 873kqpjl, 873gdxdg, 874dpoxu, 
874ezgls, 875gjfrw, 875qrhai, 875olyfu, 876mlzjo, 876hofwn, 876acmip, 876eoylf, 876veyee, 877gsrgx, 
877nulod, 878bwthu, 878hjwvr, 878lchmn, 878mjtmn, 878asira, 878hfvst, 878awrud, 879nbmlw, 880fzyml, 
880oauhm, 880jhgtb, 880gbidv, 881derxa, 881wkbkw, 881zpvad, 881iofex, 881rnhzj, 881igmqj, 881jvpbs, 
881pzdsk, 881bsbwu, 881hekmi, 881hexod, 882gyluq, 882xemmh, 882eegjw, 882skqui, 882kbmup, 882wetwu, 
882zetmz, 882ljdxy, 882mecsn, 883alarh, 883idkxa, 883zvevr, 883ywwti, 883xfsae, 883smiug, 884yutan, 
884ciroh, 885rodxl, 885uxhsr, 885ppyjr, 885cbflv, 885mlshl, 885hmvaa, 885dtogq, 886bcoiv, 886hykfh, 
886ehlju, 886ixhah, 886sktok, 886ttekz, 886wlbmu, 887ytuja, 887dpioy, 887exymz, 887fgjyw, 887wrpcb, 
887oypsl, 888jqgfb, 888hkqrb, 888rvapj, 888zuqlu, 888mjlcl, 888pslek, 889ypbfw, 889eogxf, 889hochd, 
890mjzcw, 890tqfgs, 891qxndb, 891xcsaj, 891ohxve, 891cesgo, 891xsxyw, 891ttnaz, 892hqxuv, 892auxtw, 
892gjdde, 892hhlzo, 892zyiyw, 893ftput, 893rdlqy, 893gquel, 893qmvus, 893bbbmd, 893rnban, 893ahgpb, 
894zieky, 894etpyz, 895aplxl, 895fzmhn, 895rydta, 895qvhxk, 895kytpl, 895rtgiu, 896fllsi, 896wyjih, 
896zahcv, 896iuqrt, 897ccsxt, 897frolz, 897ismtk, 897xpkia, 898rhabl, 898xlgnc, 898zrgtp, 898zagon, 
898hyfus, 899qrjcz, 899jwjlx, 899uikax, 899mcpvv, 899ewykk, 899lrlrn, 899djeml, 900gyhpj, 900glsqm, 
900pfqga, 900lkwlw, 900jxquo, 901dzzkn, 901kqluh, 901vcsnt, 901geywl, 901akxyv, 902wjsmd, 902ipejb, 
903swtdq, 903aysvn, 903nbuna, 904hnkgo, 904hcxco, 904dkghw, 904hzsbf, 904idfca, 905vqepd, 905eytqe, 
905hxjez, 905xjmfr, 906ipsas, 906xkxdm, 906yyecp, 906kindy, 906tmxcs, 906zcclh, 906tvynx, 907qlhoq, 
907vmqcq, 907fmaur, 907anfxs, 908xwwbj, 908fugei, 908duvmk, 908liybk, 909qiyqc, 909rqrwq, 909lvohx, 
909ynter, 909dknyw, 909aleyo, 909qpwqh, 909ajyuf, 910qfden, 910accvj, 910vzviz, 911rinyj, 911bqaaj, 
912jcshw, 912axcde, 912rfgta, 912robmy, 912dgjqe, 912utwuv, 913fdyyn, 913wymad, 913qtizm, 913kscoh, 
913drnoj, 913tiepe, 914avjav, 914yytnz, 914wfsge, 914hsxlg, 914goztc, 915immnb, 915qpycp, 915tanon, 
915omths, 915zonyb, 915teqtx, 916ubljq, 916pbfnd, 916whgkx, 916tykoh, 917eqxro, 917zlvrg, 917unjgw, 
917avyfk, 917bctho, 917rdobt, 917wfjtx, 917aukvl, 917qrzbx, 918xbuvj, 918fznyi, 918brnps, 918hnasj, 
918zsdlp, 918pdhqe, 919gngbj, 919pikcg, 919sfygw, 919spkuh, 920ttcwg, 920tnjcd, 920ojtwm, 920cluop, 
920agwao, 920svdep, 921lzlpy, 921rildl, 922rrwkn, 922ioace, 922rekph, 922zhcco, 922tpnge, 922lypzd, 
923asuwe, 923jeuli, 923yemit, 923tjcvo, 923qrdex, 923krxzs, 924abkwx, 924qhdks, 924liwxt, 924rteuo, 
924skfyq, 925fiicj, 925cdkpz, 925jfjmq, 925bzaay, 926vrrcl, 927gwynu, 927oseyx, 927pbazq, 927bixkw, 
928novqq, 928unhlp, 928vtmvj, 928ijdpk, 929aence, 929fgocs, 929nsgki, 929wgxgu, 929pdndy, 929ylhca, 
929tehgj, 930nlpbo, 930hqgob, 930qmhns, 931bcvrf, 931trtdv, 931vyacf, 931jpqat, 931ghlmx, 932mekws, 
932ezwas, 932evkxa, 932fuzhx, 932gsows, 932jfavt, 933xjyhh, 933sohoq, 933zullt, 933oropa, 933nvtdt, 
933lnylk, 934sltqu, 934bkiky, 934ylvmx, 934ocqer, 934qrojx, 935hxkik, 935wavrs, 935sscce, 935cbqzp, 
936potfu, 936kxmaj, 936lhgvp, 936qtrok, 936lidpk, 936junzt, 937eohxv, 937chtqj, 937cbriy, 938iarcq, 
938bnagf, 938lszar, 938sfiac, 938demyw, 938vazok, 938xzlqb, 939dtqec, 939vruur, 939nnyvp, 939dbvrz, 
939rmcqd, 939mpczf, 939ddatj, 939crcwl, 940vkauh, 940pxkko, 940mdcot, 940fckjc, 940rohsk, 940subut, 
940opdpj, 941meixr, 941ylubz, 941qidas, 942fsgom, 942qggta, 942zisex, 942dtdms, 942ukdrn, 942ejyhl, 
943spfad, 943rtmym, 943mzugg, 943tkzxw, 943rtiwm, 943wavwj, 944hoymo, 944eehqe, 944ucfql, 944lkvmh, 
944rdczz, 944pxbkt, 944lrhlg, 945ypmff, 945szkxq, 945vlcqx, 945jhdli, 945eaign, 946dtgne, 946mluyq, 
946zqslq, 947kgbmw, 947axfdi, 947qilaq, 947ydles, 947ptflt, 947wlmqy, 948caffo, 948dfljl, 948vbvgb, 
948lggwn, 948bnggz, 948bemnu, 948kpwrw, 949kvcxg, 949pthkb, 949kxksv, 950xvifc, 950jggvu, 950dilzz, 
950kmuoj, 950cdeln, 951gxmsq, 952hpnrw, 952pbeyy, 952abgmc, 953iwoek, 953ahpgu, 953cosqg, 953kxvxo, 
953tnryl, 953qyoym, 953qikhp, 954wjwlp, 954snekf, 954kucis, 954tbhkb, 955uccid, 955oanzh, 955cvqah, 
955itwmd, 955cyygg, 955sbkbo, 956nvqpf, 956vefjf, 956pncho, 956lphkd, 956mocmu, 956iewuf, 956kiccx, 
956hadnl, 957icynj, 957oybvi, 957ekwgw, 957trdrn, 957kdvnf, 957vuhyj, 957sjnty, 958zhwaf, 958hepfn, 
958lyeor, 958rzupo, 958ckijk, 958ucvhx, 958tgesi, 958jznye, 959cmfic, 960wzdrq, 960rtccc, 961nwgkf, 
961deokw, 961wvxlw, 962dniiv, 962kfxqy, 962nhtqj, 962xffer, 962ljvzv, 963txrsj, 963nwwxe, 963sjlrz, 
963jehew, 963qcdyi, 963vlrsm, 963pojgg, 963svers, 964jlbwc, 965biiim, 965faoky, 966wflqa, 966xfojn, 
966wdibu, 966amfbk, 966jesso, 966hzpvj, 966purdk, 967tarjl, 967efpoi, 967jowrr, 967hayzu, 967mgtde, 
968fvyyy, 968kraba, 969mhhbv, 969smjof, 969cviax, 969cpdys, 969jfnhf, 969ltyou, 969aabhd, 970ybrjq, 
971xmlho, 971ildol, 971yzqlj, 971xzcvn, 972xvpaf, 972ubglk, 972ykymr, 972nwfsk, 973qqmje, 973vgfxe, 
974swbjz, 974gdapq, 974kpbjb, 974uyyzq, 974kqjwz, 974nrhsp, 975lmnnx, 975mvaom, 975szctk, 976dqibp, 
976amhji, 976iycss, 976tdggs, 976dvqfj, 976cykgt, 977ukjen, 977bhzks, 977ktrml, 978lfqsn, 978lvibb, 
978sfbem, 978uzygf, 978lhmlt, 978hvmyj, 978zlosd, 978bfzmg, 978cgndk, 979zzjxf, 979rlofw, 979imtwm, 
980cyyss, 980dvxej, 980fgpsl, 980aullt, 980scehk, 980cryvn, 980lznlt, 981fqrcv, 982ahbqc, 982pqwab, 
982rsgwb, 982sysqw, 982gdxto, 982rbhkd, 983ckldc, 983nuslu, 983wcpea, 983qwzjm, 983xrqum, 983gnnnx, 
983tpigv, 983mtrhg, 983mdidj, 984jtfke, 984thxld, 984murbh, 985owzyc, 985wlxns, 985dbxog, 985gxcnj, 
985gisgu, 985vuomx, 985xbuyb, 986wwmum, 986gxpdn, 986wlkyy, 986vghno, 987djirv, 987iqycr, 987aanou, 
987bvura, 987hnmun, 987kpttf, 988iwosp, 988laime, 988zofoc, 988bqzvj, 988afwmz, 988lyqeu, 989voslj, 
989kzjsl, 989qtzvh, 989dwzfu, 989ifzgt, 989atrqy, 990loogz, 990xqyhi, 990lzbmu, 990kssmx, 990owepf, 
990xpyqi, 990yewnk, 990xkayt, 990ijsly, 991oxqjl, 991nxirn, 991pqeng, 991mmkkz, 992uklui, 992fetxr, 
992rmrjv, 993cwump, 993hbfop, 993oadyn, 994ctxnp, 994huwcs, 994nugef, 995dhext, 995thxbx, 995mpxpp, 
995mtkli, 995asdwv, 995xlrfq, 995wizah, 995uwqtz, 996nfqnw, 996fbrqn, 996cqffo, 996ceztj, 997rstsu, 
997cpqvi, 997riqhx, 997onzgd, 997mivtp, 997jyvkr, 997eelzy, 997gbpyw, 997aqhqx, 998gekfm, 998ptukp, 
999lvngg, 999gmmsl, 999mapcy, 999ncqwu, 999odaak, 999nqgjc, 999vvyid, 999gqquk, 999dgkuk, 999lkobg, 
